# N_t = 7
# N_season = 11
# N_euvac = 2
1.351257929532867230e+01
-3.732680799429511503e-02
-7.250088421669721450e-01
-1.340889916740786204e-02
-1.498568787791775270e+00
2.370286222852068317e-02
3.661120571939221247e+00
-2.476262388856501073e-02
5.849715806715635180e-01
-1.270884548641948181e-03
1.376421893005465025e+00
-4.335646325805943280e-03
-1.440968428978976368e+00
2.091945042403975732e-02
-3.058782914250696372e+00
2.429762558342411088e-02
2.407797156203221878e+00
-1.738811713802981482e-02
1.904649682780157782e+00
-1.838964437252697467e-02
-4.292933721130195307e-02
-4.790671858241791689e-03
8.492645409370501497e+00
-1.097561023704891892e-02
8.702202723014805796e-01
-1.103515343984647068e-02
-2.927179793177124845e-01
7.871529429779615047e-04
6.761744519951338184e-01
2.969199602028395942e-03
3.131955446758913908e+00
-2.475903477536656877e-02
-1.830270157758659089e+00
2.013345269851804856e-02
-3.000963983875730268e+00
2.630004101979753484e-02
-7.439491333072092427e-01
-1.805773587928723167e-03
3.835907740255601883e-01
-6.615981298010856389e-03
7.540944780452747409e-01
-1.355201128739647216e-02
-1.349372245197932196e+00
7.505064523311267242e-03
8.658060185436131206e+00
-2.166684880618382006e-02
-1.207710828070388542e+00
6.918128566396023783e-03
-3.219997379134769133e+00
3.539745898903726151e-02
-2.401209408045554383e+00
3.248038462860738246e-02
4.156754329271604931e+00
-3.378803441925155165e-02
2.552074857962344900e+00
-2.512559748179050631e-02
3.020397169223179468e+00
-2.691655730710581021e-02
1.888257870101644365e+00
-1.161075392153416465e-02
-4.837886404707027466e-01
1.462716936014383899e-02
9.980129999618879699e-01
1.179335636205364538e-03
-2.372621976143247657e+00
1.860125635434376618e-02
7.853501176491711533e+00
-9.722985899024436454e-03
2.957017225761082169e-01
-3.455377956724391478e-03
2.976898319826541073e+00
-2.280668038265510136e-02
3.147182963143578815e-01
-4.336578625145357142e-03
-1.435201158369223018e+00
1.532014225826615166e-02
2.458983922620523455e+00
-1.343389872081881577e-02
-3.684241465233700219e-01
9.589462174632457786e-03
1.426221836360074269e+00
-1.218338302814370513e-02
-5.545762377235510243e-01
-1.137924437572166445e-03
4.722909893343302246e-01
-7.397269055768695804e-03
-2.216234818266488993e-01
6.560535808492618491e-03
5.136385804748038630e+00
8.735861648348700395e-03
-3.282767006559272893e-01
6.601768689577360537e-03
3.540964416485224975e-01
1.314184048928041014e-03
3.132166426852645014e+00
-2.109690307040024485e-02
1.860987571628695880e+00
-5.053517867874056033e-03
-1.951423855053979403e-02
3.884049986363186970e-03
-2.717102528888064583e+00
2.150503130182876074e-02
-1.559830956984287420e+00
1.432932647249205230e-02
3.523286847132402477e-01
-5.092641590956970173e-03
1.745495577818492405e+00
-2.061027844810580864e-02
-2.243395568409428886e+00
1.768316506640177713e-02
8.786952288473793615e+00
-2.799263390661534470e-02
3.282626777193557555e+00
-2.546523631174376148e-02
4.569551100807682231e-01
4.980500347070430239e-03
-2.518433986328364682e+00
2.842745020015189500e-02
-3.019080308005649194e+00
2.406117766554131260e-02
9.689470899866596820e-01
-6.473584327785002375e-03
2.159819000689071622e+00
-2.145791552702291938e-02
1.340762539990219882e+00
-6.391108920823364986e-03
-1.135062374434550048e+00
1.658660303960696192e-02
-1.079179722604097558e+00
9.054943744849098392e-03
-2.925226054096001505e-02
-6.976200768055481304e-03
1.087131037428610059e+00
3.944000061468418139e-02
7.508884228925896132e+00
-5.969256858119428855e-02
-4.075528153589261571e+00
3.596937543911513102e-02
2.924157811243375260e+00
-2.477911530770098014e-02
7.660594371731224150e+00
-6.549190045295349982e-02
-8.616300260497136154e-01
6.940522245112790492e-03
7.141528677717408513e+00
-6.503034700304805016e-02
-3.932693560946513234e+00
3.518822210968945013e-02
-1.193142623282277937e+00
1.736378964307053532e-02
-4.790505188140430803e+00
3.523827568810493360e-02
-4.092180193037328273e+00
3.437659519291325072e-02
