# N_t = 7
# N_season = 11
# N_euvac = 2
2.585617951400265735e+00
5.516102566180133837e-02
7.283494126900352805e-02
2.085867468744868891e-02
1.332522644261246336e+00
-5.166550683276091571e-02
-1.451232343758614984e-01
-2.265085325441913017e-03
-3.739449076048718457e+00
1.792276118775562588e-02
-3.367965335384557335e-01
9.696469576085980230e-03
-3.537042571053612416e+00
2.401085786389023369e-02
-7.964750254075784186e-01
7.328919835440400599e-03
1.924877403132897236e+00
-1.700084533730227693e-02
3.414214272512245074e+00
-2.466505335192366311e-02
1.916297722533548020e+00
-2.531230696877606601e-03
7.317293722428367175e+00
1.869381490237559396e-02
4.114381878951376414e+00
-4.836426477762570397e-02
-9.157670080835172755e+00
7.260422035166039234e-02
-5.224657504068495939e+00
5.472243695804618335e-02
-7.186540482159115228e+00
4.648145546024290420e-02
9.037782132941881486e+00
-9.444176359991511560e-02
6.263093721015823512e+00
-5.862776968463712102e-02
-1.223019848901910622e+00
2.429686895476651509e-02
-3.011880920452014720e+00
3.827325040008050516e-02
1.620162905715893498e+00
2.100638416309530410e-03
1.025308856874478369e-01
8.209985312467082963e-03
1.431313333899038298e+01
3.710668136720041144e-02
-7.563751236965989833e+00
8.550631974816130798e-02
-3.407062039364578077e+00
-2.728582220474784492e-04
4.034394928119127144e+00
-2.801026313124642397e-02
7.011096394524214404e-01
-5.179503772552562779e-02
1.524857295944537228e+00
-1.518729169709720495e-02
-3.263429970117919687e+00
3.607253950860700442e-02
1.827897071925352446e+00
-1.641020516819152730e-02
5.541986854201103263e+00
-1.966384096757878286e-02
1.737133901999091679e+00
-1.151145148099552706e-02
-7.874209513045822284e-01
1.760654000466277402e-02
1.501739510517322884e+01
1.136975747359081357e-02
3.194017650060942071e+00
-2.734229256354514526e-02
-1.208122500653981746e+00
-8.474753209130048148e-03
1.214731018108215377e+00
-4.818531820401053545e-03
-6.920334139153675679e+00
3.821855206363194979e-02
2.967632589137299437e+00
-1.854754211905035310e-02
5.134731283219877263e+00
-3.468073126396142847e-02
-2.190732116820326869e+00
2.378053715414019109e-02
-5.688672665532686912e-01
2.310022139396525342e-02
-1.073076181176699784e+00
1.154356791078553490e-02
3.820442126974370023e+00
-3.350173013632984365e-02
9.622118375583278649e+00
1.041372751230160154e-02
5.164395716516517743e-01
-6.637174341904694685e-03
-4.730904448815532959e+00
3.935130597240932282e-03
1.707283140830323065e+00
-8.815069371196582182e-03
1.314322649390052389e+00
-1.627797605884140353e-02
-2.046414735171242949e+00
1.944695668132268018e-02
9.245288305832526365e-01
-6.668701553942169014e-03
-9.522808616401651216e-01
4.036874286266423084e-03
-1.970408324365920505e+00
7.498635499016748085e-03
4.952154719192854992e-01
-4.317895546920108574e-03
7.376409429010993835e-01
-3.792967423636661728e-03
4.788271184347354215e+00
3.563005695629106739e-02
-3.046642038025106913e+00
1.761669297680057422e-02
-4.519930793730720708e+00
1.988137222719799091e-02
-3.457742362658344337e+00
2.549852528360130322e-02
-6.110931945228165185e-02
-2.162188523942665253e-02
7.116590508728465325e-01
-1.178264958776353843e-02
9.684072202883569069e-01
-2.125042167008850402e-02
-3.800316488674279736e+00
1.822411340140661640e-02
-3.795651288787259769e+00
2.379716405723805717e-02
8.570363870818873409e-01
-6.857769851394190930e-03
-2.010661517159269621e-02
-1.626503084014074840e-03
-9.071321065286315211e-01
8.312517229895689808e-02
-3.063705196233039274e+00
8.905348867361648213e-03
3.021803733098865852e+00
-3.073762424712545016e-02
1.136877314223220914e+01
-9.929523793481309646e-02
1.954389177044770332e+00
-4.067522855382987856e-02
-9.324798976753378099e+00
7.435143647068986894e-02
-1.655364810334999603e+00
1.290191084096367624e-02
-3.603777086317741407e+00
3.527426542668588016e-02
3.198628072328028704e+00
-2.749502569389267181e-02
1.141607290024834048e-01
-7.354014820189380686e-03
-3.869534007778882678e+00
2.455034373004139070e-02
