# Index 0:
# Field 1: euvac (W/m^2)
# Field 2: v (m/s)
# Field 3: sigma (m/s)
#
# Parameter values:
# time (hours) = 10.500000
# season (day of year) = 79.000000
60.000000 18.801008 3.514322
61.000000 18.886849 3.567484
62.000000 18.972691 3.620646
63.000000 19.058532 3.673808
64.000000 19.144374 3.726969
65.000000 19.230215 3.780131
66.000000 19.316057 3.833293
67.000000 19.401898 3.886455
68.000000 19.487740 3.939616
69.000000 19.573581 3.992778
70.000000 19.659423 4.045940
71.000000 19.745264 4.099102
72.000000 19.831106 4.152263
73.000000 19.916947 4.205425
74.000000 20.002789 4.258587
75.000000 20.088630 4.311749
76.000000 20.174472 4.364910
77.000000 20.260313 4.418072
78.000000 20.346155 4.471234
79.000000 20.431996 4.524396
80.000000 20.517838 4.577557
81.000000 20.603679 4.630719
82.000000 20.689521 4.683881
83.000000 20.775362 4.737043
84.000000 20.861204 4.790204
85.000000 20.947045 4.843366
86.000000 21.032887 4.896528
87.000000 21.118728 4.949690
88.000000 21.204570 5.002851
89.000000 21.290411 5.056013
90.000000 21.376253 5.109175
91.000000 21.462094 5.162337
92.000000 21.547936 5.215498
93.000000 21.633777 5.268660
94.000000 21.719619 5.321822
95.000000 21.805460 5.374984
96.000000 21.891302 5.428145
97.000000 21.977143 5.481307
98.000000 22.062985 5.534469
99.000000 22.148826 5.587631
100.000000 22.234668 5.640792
101.000000 22.320509 5.693954
102.000000 22.406351 5.747116
103.000000 22.492192 5.800278
104.000000 22.578034 5.853439
105.000000 22.663875 5.906601
106.000000 22.749717 5.959763
107.000000 22.835558 6.012925
108.000000 22.921400 6.066086
109.000000 23.007241 6.119248
110.000000 23.093083 6.172410
111.000000 23.178924 6.225572
112.000000 23.264766 6.278733
113.000000 23.350607 6.331895
114.000000 23.436449 6.385057
115.000000 23.522290 6.438219
116.000000 23.608132 6.491380
117.000000 23.693973 6.544542
118.000000 23.779815 6.597704
119.000000 23.865656 6.650866
120.000000 23.951497 6.704027
121.000000 24.037339 6.757189
122.000000 24.123180 6.810351
123.000000 24.209022 6.863513
124.000000 24.294863 6.916674
125.000000 24.380705 6.969836
126.000000 24.466546 7.022998
127.000000 24.552388 7.076160
128.000000 24.638229 7.129321
129.000000 24.724071 7.182483
130.000000 24.809912 7.235645
131.000000 24.895754 7.288807
132.000000 24.981595 7.341968
133.000000 25.067437 7.395130
134.000000 25.153278 7.448292
135.000000 25.239120 7.501454
136.000000 25.324961 7.554615
137.000000 25.410803 7.607777
138.000000 25.496644 7.660939
139.000000 25.582486 7.714101
140.000000 25.668327 7.767262
141.000000 25.754169 7.820424
142.000000 25.840010 7.873586
143.000000 25.925852 7.926748
144.000000 26.011693 7.979909
145.000000 26.097535 8.033071
146.000000 26.183376 8.086233
147.000000 26.269218 8.139395
148.000000 26.355059 8.192556
149.000000 26.440901 8.245718
150.000000 26.526742 8.298880
151.000000 26.612584 8.352042
152.000000 26.698425 8.405203
153.000000 26.784267 8.458365
154.000000 26.870108 8.511527
155.000000 26.955950 8.564689
156.000000 27.041791 8.617850
157.000000 27.127633 8.671012
158.000000 27.213474 8.724174
159.000000 27.299316 8.777336
160.000000 27.385157 8.830497
161.000000 27.470999 8.883659
162.000000 27.556840 8.936821
163.000000 27.642682 8.989983
164.000000 27.728523 9.043144
165.000000 27.814365 9.096306
166.000000 27.900206 9.149468
167.000000 27.986048 9.202630
168.000000 28.071889 9.255791
169.000000 28.157731 9.308953
170.000000 28.243572 9.362115
171.000000 28.329414 9.415277
172.000000 28.415255 9.468438
173.000000 28.501097 9.521600
174.000000 28.586938 9.574762
175.000000 28.672780 9.627924
176.000000 28.758621 9.681085
177.000000 28.844463 9.734247
178.000000 28.930304 9.787409
179.000000 29.016146 9.840571
180.000000 29.101987 9.893732
181.000000 29.187829 9.946894
182.000000 29.273670 10.000056
183.000000 29.359512 10.053218
184.000000 29.445353 10.106379
185.000000 29.531195 10.159541
186.000000 29.617036 10.212703
187.000000 29.702878 10.265865
188.000000 29.788719 10.319026
189.000000 29.874561 10.372188
190.000000 29.960402 10.425350
191.000000 30.046243 10.478512
192.000000 30.132085 10.531673
193.000000 30.217926 10.584835
194.000000 30.303768 10.637997
195.000000 30.389609 10.691159
196.000000 30.475451 10.744320
197.000000 30.561292 10.797482
198.000000 30.647134 10.850644
199.000000 30.732975 10.903806
200.000000 30.818817 10.956967
201.000000 30.904658 11.010129
202.000000 30.990500 11.063291
203.000000 31.076341 11.116453
204.000000 31.162183 11.169614
205.000000 31.248024 11.222776
206.000000 31.333866 11.275938
207.000000 31.419707 11.329100
208.000000 31.505549 11.382261
209.000000 31.591390 11.435423
210.000000 31.677232 11.488585
211.000000 31.763073 11.541747
212.000000 31.848915 11.594908
213.000000 31.934756 11.648070
214.000000 32.020598 11.701232
215.000000 32.106439 11.754394
216.000000 32.192281 11.807555
217.000000 32.278122 11.860717
218.000000 32.363964 11.913879
219.000000 32.449805 11.967041
220.000000 32.535647 12.020202
221.000000 32.621488 12.073364
222.000000 32.707330 12.126526
223.000000 32.793171 12.179688
224.000000 32.879013 12.232849
225.000000 32.964854 12.286011
226.000000 33.050696 12.339173
227.000000 33.136537 12.392335
228.000000 33.222379 12.445496
229.000000 33.308220 12.498658
230.000000 33.394062 12.551820
231.000000 33.479903 12.604982
232.000000 33.565745 12.658143
233.000000 33.651586 12.711305
234.000000 33.737428 12.764467
235.000000 33.823269 12.817629
236.000000 33.909111 12.870790
237.000000 33.994952 12.923952
238.000000 34.080794 12.977114
239.000000 34.166635 13.030276
240.000000 34.252477 13.083437
241.000000 34.338318 13.136599
242.000000 34.424160 13.189761
243.000000 34.510001 13.242923
244.000000 34.595843 13.296084
245.000000 34.681684 13.349246
246.000000 34.767526 13.402408
247.000000 34.853367 13.455570
248.000000 34.939209 13.508731
249.000000 35.025050 13.561893
250.000000 35.110892 13.615055
251.000000 35.196733 13.668217
252.000000 35.282575 13.721378
253.000000 35.368416 13.774540
254.000000 35.454258 13.827702
255.000000 35.540099 13.880864
256.000000 35.625941 13.934025
257.000000 35.711782 13.987187
258.000000 35.797624 14.040349
259.000000 35.883465 14.093511
