# Index 0:
# Field 1: season (day of year)
# Field 2: v (m/s)
# Field 3: sigma (m/s)
#
# Parameter values:
# time (hours) = 10.500000
# euvac (W/m^2) = 100.000000
0.000000 14.083525 8.079064
1.000000 14.204187 8.181143
2.000000 14.308974 8.281161
3.000000 14.397511 8.378604
4.000000 14.469532 8.472960
5.000000 14.524884 8.563727
6.000000 14.563523 8.650412
7.000000 14.585521 8.732538
8.000000 14.591059 8.809642
9.000000 14.580430 8.881284
10.000000 14.554037 8.947044
11.000000 14.512388 9.006530
12.000000 14.456096 9.059378
13.000000 14.385874 9.105251
14.000000 14.302529 9.143849
15.000000 14.206960 9.174906
16.000000 14.100152 9.198192
17.000000 13.983167 9.213516
18.000000 13.857143 9.220726
19.000000 13.723280 9.219713
20.000000 13.582840 9.210409
21.000000 13.437133 9.192789
22.000000 13.287515 9.166871
23.000000 13.135373 9.132717
24.000000 12.982123 9.090432
25.000000 12.829196 9.040164
26.000000 12.678034 8.982102
27.000000 12.530076 8.916478
28.000000 12.386754 8.843563
29.000000 12.249481 8.763668
30.000000 12.119644 8.677138
31.000000 11.998595 8.584357
32.000000 11.887641 8.485739
33.000000 11.788040 8.381729
34.000000 11.700990 8.272800
35.000000 11.627620 8.159452
36.000000 11.568988 8.042204
37.000000 11.526071 7.921597
38.000000 11.499760 7.798186
39.000000 11.490853 7.672541
40.000000 11.500053 7.545239
41.000000 11.527960 7.416864
42.000000 11.575071 7.288004
43.000000 11.641772 7.159243
44.000000 11.728341 7.031164
45.000000 11.834943 6.904339
46.000000 11.961627 6.779330
47.000000 12.108332 6.656685
48.000000 12.274878 6.536934
49.000000 12.460976 6.420585
50.000000 12.666224 6.308124
51.000000 12.890109 6.200008
52.000000 13.132014 6.096667
53.000000 13.391217 5.998498
54.000000 13.666898 5.905864
55.000000 13.958142 5.819093
56.000000 14.263945 5.738474
57.000000 14.583220 5.664258
58.000000 14.914802 5.596654
59.000000 15.257455 5.535832
60.000000 15.609880 5.481916
61.000000 15.970723 5.434991
62.000000 16.338578 5.395098
63.000000 16.712000 5.362233
64.000000 17.089513 5.336353
65.000000 17.469614 5.317371
66.000000 17.850784 5.305160
67.000000 18.231499 5.299554
68.000000 18.610233 5.300348
69.000000 18.985471 5.307301
70.000000 19.355714 5.320136
71.000000 19.719491 5.338545
72.000000 20.075362 5.362191
73.000000 20.421930 5.390706
74.000000 20.757845 5.423701
75.000000 21.081814 5.460761
76.000000 21.392605 5.501454
77.000000 21.689057 5.545333
78.000000 21.970080 5.591936
79.000000 22.234668 5.640792
80.000000 22.481895 5.691425
81.000000 22.710927 5.743352
82.000000 22.921022 5.796095
83.000000 23.111533 5.849176
84.000000 23.281913 5.902126
85.000000 23.431713 5.954483
86.000000 23.560588 6.005800
87.000000 23.668296 6.055645
88.000000 23.754694 6.103605
89.000000 23.819747 6.149288
90.000000 23.863516 6.192327
91.000000 23.886165 6.232378
92.000000 23.887954 6.269128
93.000000 23.869239 6.302294
94.000000 23.830469 6.331624
95.000000 23.772177 6.356900
96.000000 23.694984 6.377938
97.000000 23.599587 6.394589
98.000000 23.486761 6.406743
99.000000 23.357346 6.414322
100.000000 23.212248 6.417290
101.000000 23.052429 6.415645
102.000000 22.878903 6.409421
103.000000 22.692728 6.398690
104.000000 22.494999 6.383558
105.000000 22.286845 6.364165
106.000000 22.069418 6.340685
107.000000 21.843887 6.313321
108.000000 21.611434 6.282307
109.000000 21.373244 6.247905
110.000000 21.130499 6.210402
111.000000 20.884374 6.170108
112.000000 20.636028 6.127355
113.000000 20.386598 6.082490
114.000000 20.137196 6.035879
115.000000 19.888897 5.987900
116.000000 19.642743 5.938940
117.000000 19.399730 5.889393
118.000000 19.160807 5.839659
119.000000 18.926871 5.790138
120.000000 18.698765 5.741228
121.000000 18.477271 5.693322
122.000000 18.263111 5.646807
123.000000 18.056942 5.602060
124.000000 17.859355 5.559443
125.000000 17.670872 5.519305
126.000000 17.491947 5.481975
127.000000 17.322964 5.447764
128.000000 17.164239 5.416958
129.000000 17.016016 5.389822
130.000000 16.878471 5.366593
131.000000 16.751712 5.347480
132.000000 16.635783 5.332664
133.000000 16.530659 5.322297
134.000000 16.436257 5.316496
135.000000 16.352434 5.315351
136.000000 16.278988 5.318916
137.000000 16.215665 5.327216
138.000000 16.162163 5.340240
139.000000 16.118130 5.357948
140.000000 16.083174 5.380266
141.000000 16.056865 5.407090
142.000000 16.038737 5.438286
143.000000 16.028296 5.473691
144.000000 16.025021 5.513114
145.000000 16.028372 5.556338
146.000000 16.037789 5.603121
147.000000 16.052704 5.653200
148.000000 16.072538 5.706290
149.000000 16.096709 5.762088
150.000000 16.124637 5.820276
151.000000 16.155744 5.880520
152.000000 16.189463 5.942476
153.000000 16.225238 6.005793
154.000000 16.262528 6.070111
155.000000 16.300812 6.135067
156.000000 16.339589 6.200298
157.000000 16.378386 6.265442
158.000000 16.416753 6.330142
159.000000 16.454272 6.394045
160.000000 16.490556 6.456812
161.000000 16.525249 6.518110
162.000000 16.558031 6.577623
163.000000 16.588617 6.635050
164.000000 16.616756 6.690109
165.000000 16.642237 6.742537
166.000000 16.664883 6.792091
167.000000 16.684554 6.838553
168.000000 16.701145 6.881729
169.000000 16.714588 6.921450
170.000000 16.724850 6.957575
171.000000 16.731930 6.989987
172.000000 16.735859 7.018601
173.000000 16.736700 7.043356
174.000000 16.734545 7.064224
175.000000 16.729511 7.081201
176.000000 16.721742 7.094313
177.000000 16.711404 7.103614
178.000000 16.698686 7.109184
179.000000 16.683793 7.111128
180.000000 16.666948 7.109578
181.000000 16.648387 7.104688
182.000000 16.628358 7.096635
183.000000 16.607118 7.085616
184.000000 16.584932 7.071848
185.000000 16.562070 7.055564
186.000000 16.538803 7.037013
187.000000 16.515403 7.016456
188.000000 16.492141 6.994168
189.000000 16.469286 6.970428
190.000000 16.447099 6.945526
191.000000 16.425837 6.919753
192.000000 16.405747 6.893405
193.000000 16.387067 6.866776
194.000000 16.370026 6.840157
195.000000 16.354838 6.813835
196.000000 16.341708 6.788091
197.000000 16.330826 6.763196
198.000000 16.322369 6.739408
199.000000 16.316499 6.716977
200.000000 16.313365 6.696133
201.000000 16.313103 6.677093
202.000000 16.315831 6.660054
203.000000 16.321658 6.645195
204.000000 16.330675 6.632675
205.000000 16.342964 6.622630
206.000000 16.358592 6.615173
207.000000 16.377615 6.610396
208.000000 16.400078 6.608366
209.000000 16.426017 6.609126
210.000000 16.455456 6.612694
211.000000 16.488413 6.619067
212.000000 16.524897 6.628215
213.000000 16.564911 6.640085
214.000000 16.608452 6.654603
215.000000 16.655511 6.671671
216.000000 16.706077 6.691171
217.000000 16.760132 6.712966
218.000000 16.817659 6.736897
219.000000 16.878636 6.762792
220.000000 16.943040 6.790459
221.000000 17.010846 6.819695
222.000000 17.082029 6.850283
223.000000 17.156563 6.881995
224.000000 17.234418 6.914596
225.000000 17.315567 6.947842
226.000000 17.399980 6.981486
227.000000 17.487623 7.015277
228.000000 17.578463 7.048964
229.000000 17.672462 7.082297
230.000000 17.769580 7.115028
231.000000 17.869772 7.146915
232.000000 17.972988 7.177725
233.000000 18.079169 7.207230
234.000000 18.188251 7.235215
235.000000 18.300162 7.261478
236.000000 18.414817 7.285827
237.000000 18.532122 7.308090
238.000000 18.651969 7.328108
239.000000 18.774237 7.345741
240.000000 18.898787 7.360867
241.000000 19.025466 7.373383
242.000000 19.154101 7.383208
243.000000 19.284501 7.390279
244.000000 19.416454 7.394555
245.000000 19.549725 7.396018
246.000000 19.684057 7.394667
247.000000 19.819171 7.390525
248.000000 19.954762 7.383634
249.000000 20.090500 7.374058
250.000000 20.226032 7.361878
251.000000 20.360977 7.347194
252.000000 20.494930 7.330124
253.000000 20.627462 7.310802
254.000000 20.758116 7.289378
255.000000 20.886416 7.266015
256.000000 21.011858 7.240888
257.000000 21.133919 7.214184
258.000000 21.252055 7.186096
259.000000 21.365704 7.156829
260.000000 21.474285 7.126590
261.000000 21.577205 7.095590
262.000000 21.673858 7.064045
263.000000 21.763626 7.032167
264.000000 21.845887 7.000169
265.000000 21.920014 6.968259
266.000000 21.985379 6.936642
267.000000 22.041359 6.905514
268.000000 22.087334 6.875063
269.000000 22.122697 6.845467
270.000000 22.146853 6.816891
271.000000 22.159227 6.789489
272.000000 22.159262 6.763400
273.000000 22.146430 6.738748
274.000000 22.120232 6.715641
275.000000 22.080202 6.694167
276.000000 22.025912 6.674400
277.000000 21.956976 6.656395
278.000000 21.873052 6.640185
279.000000 21.773849 6.625789
280.000000 21.659126 6.613205
281.000000 21.528700 6.602410
282.000000 21.382445 6.593366
283.000000 21.220297 6.586017
284.000000 21.042257 6.580287
285.000000 20.848392 6.576087
286.000000 20.638835 6.573310
287.000000 20.413793 6.571836
288.000000 20.173539 6.571532
289.000000 19.918423 6.572252
290.000000 19.648864 6.573841
291.000000 19.365352 6.576136
292.000000 19.068454 6.578965
293.000000 18.758802 6.582153
294.000000 18.437101 6.585520
295.000000 18.104124 6.588885
296.000000 17.760709 6.592068
297.000000 17.407756 6.594889
298.000000 17.046228 6.597175
299.000000 16.677142 6.598758
300.000000 16.301568 6.599476
301.000000 15.920628 6.599180
302.000000 15.535483 6.597730
303.000000 15.147335 6.595000
304.000000 14.757422 6.590878
305.000000 14.367005 6.585269
306.000000 13.977373 6.578093
307.000000 13.589825 6.569292
308.000000 13.205674 6.558825
309.000000 12.826235 6.546673
310.000000 12.452819 6.532836
311.000000 12.086726 6.517340
312.000000 11.729241 6.500228
313.000000 11.381624 6.481568
314.000000 11.045103 6.461452
315.000000 10.720872 6.439990
316.000000 10.410077 6.417317
317.000000 10.113817 6.393587
318.000000 9.833132 6.368976
319.000000 9.569000 6.343679
320.000000 9.322331 6.317908
321.000000 9.093961 6.291894
322.000000 8.884645 6.265883
323.000000 8.695057 6.240132
324.000000 8.525781 6.214915
325.000000 8.377310 6.190512
326.000000 8.250042 6.167213
327.000000 8.144276 6.145314
328.000000 8.060212 6.125115
329.000000 7.997946 6.106916
330.000000 7.957473 6.091018
331.000000 7.938682 6.077716
332.000000 7.941360 6.067304
333.000000 7.965188 6.060062
334.000000 8.009749 6.056264
335.000000 8.074520 6.056170
336.000000 8.158886 6.060022
337.000000 8.262132 6.068048
338.000000 8.383455 6.080454
339.000000 8.521962 6.097425
340.000000 8.676680 6.119123
341.000000 8.846556 6.145683
342.000000 9.030466 6.177212
343.000000 9.227220 6.213790
344.000000 9.435568 6.255467
345.000000 9.654208 6.302260
346.000000 9.881794 6.354156
347.000000 10.116940 6.411105
348.000000 10.358232 6.473029
349.000000 10.604232 6.539812
350.000000 10.853490 6.611306
351.000000 11.104551 6.687329
352.000000 11.355960 6.767667
353.000000 11.606277 6.852072
354.000000 11.854080 6.940264
355.000000 12.097975 7.031934
356.000000 12.336603 7.126743
357.000000 12.568653 7.224324
358.000000 12.792861 7.324286
359.000000 13.008025 7.426212
360.000000 13.213010 7.529664
361.000000 13.406751 7.634185
362.000000 13.588267 7.739301
363.000000 13.756658 7.844524
364.000000 13.911117 7.949354
