# Index 0:
# Field 1: time (hours)
# Field 2: v (m/s)
# Field 3: sigma (m/s)
#
# Parameter values:
# season (day of year) = 79.000000
# euvac (W/m^2) = 100.000000
8.000000 13.304028 7.359234
8.010000 13.283962 7.349193
8.020000 13.265149 7.339177
8.030000 13.247580 7.329185
8.040000 13.231245 7.319217
8.050000 13.216133 7.309273
8.060000 13.202236 7.299353
8.070000 13.189543 7.289457
8.080000 13.178045 7.279585
8.090000 13.167731 7.269737
8.100000 13.158592 7.259914
8.110000 13.150617 7.250115
8.120000 13.143798 7.240340
8.130000 13.138124 7.230589
8.140000 13.133586 7.220863
8.150000 13.130172 7.211160
8.160000 13.127875 7.201482
8.170000 13.126683 7.191829
8.180000 13.126587 7.182199
8.190000 13.127578 7.172595
8.200000 13.129644 7.163014
8.210000 13.132777 7.153458
8.220000 13.136966 7.143926
8.230000 13.142203 7.134418
8.240000 13.148476 7.124935
8.250000 13.155776 7.115477
8.260000 13.164093 7.106043
8.270000 13.173417 7.096633
8.280000 13.183739 7.087248
8.290000 13.195049 7.077888
8.300000 13.207336 7.068552
8.310000 13.220591 7.059240
8.320000 13.234804 7.049953
8.330000 13.249965 7.040691
8.340000 13.266065 7.031453
8.350000 13.283093 7.022240
8.360000 13.301040 7.013052
8.370000 13.319896 7.003888
8.380000 13.339650 6.994749
8.390000 13.360294 6.985635
8.400000 13.381817 6.976545
8.410000 13.404209 6.967480
8.420000 13.427461 6.958440
8.430000 13.451562 6.949425
8.440000 13.476504 6.940434
8.450000 13.502275 6.931468
8.460000 13.528867 6.922527
8.470000 13.556269 6.913611
8.480000 13.584471 6.904720
8.490000 13.613464 6.895853
8.500000 13.643237 6.887012
8.510000 13.673782 6.878195
8.520000 13.705087 6.869404
8.530000 13.737144 6.860637
8.540000 13.769942 6.851895
8.550000 13.803472 6.843179
8.560000 13.837723 6.834487
8.570000 13.872686 6.825820
8.580000 13.908351 6.817179
8.590000 13.944708 6.808562
8.600000 13.981747 6.799970
8.610000 14.019459 6.791404
8.620000 14.057833 6.782863
8.630000 14.096860 6.774346
8.640000 14.136530 6.765855
8.650000 14.176833 6.757389
8.660000 14.217759 6.748949
8.670000 14.259298 6.740533
8.680000 14.301441 6.732143
8.690000 14.344177 6.723778
8.700000 14.387497 6.715438
8.710000 14.431391 6.707124
8.720000 14.475849 6.698834
8.730000 14.520861 6.690570
8.740000 14.566418 6.682332
8.750000 14.612509 6.674119
8.760000 14.659125 6.665931
8.770000 14.706255 6.657768
8.780000 14.753890 6.649631
8.790000 14.802021 6.641519
8.800000 14.850637 6.633433
8.810000 14.899728 6.625372
8.820000 14.949285 6.617337
8.830000 14.999297 6.609327
8.840000 15.049755 6.601343
8.850000 15.100650 6.593384
8.860000 15.151970 6.585451
8.870000 15.203707 6.577543
8.880000 15.255850 6.569661
8.890000 15.308390 6.561804
8.900000 15.361316 6.553973
8.910000 15.414620 6.546168
8.920000 15.468290 6.538388
8.930000 15.522318 6.530634
8.940000 15.576693 6.522906
8.950000 15.631405 6.515203
8.960000 15.686446 6.507526
8.970000 15.741804 6.499875
8.980000 15.797469 6.492250
8.990000 15.853434 6.484650
9.000000 15.909686 6.477076
9.010000 15.966216 6.469528
9.020000 16.023016 6.462006
9.030000 16.080074 6.454510
9.040000 16.137380 6.447039
9.050000 16.194926 6.439594
9.060000 16.252701 6.432176
9.070000 16.310695 6.424783
9.080000 16.368899 6.417416
9.090000 16.427302 6.410075
9.100000 16.485895 6.402760
9.110000 16.544668 6.395471
9.120000 16.603611 6.388208
9.130000 16.662715 6.380971
9.140000 16.721968 6.373760
9.150000 16.781362 6.366576
9.160000 16.840887 6.359417
9.170000 16.900533 6.352284
9.180000 16.960289 6.345178
9.190000 17.020147 6.338097
9.200000 17.080095 6.331043
9.210000 17.140126 6.324015
9.220000 17.200227 6.317013
9.230000 17.260391 6.310037
9.240000 17.320606 6.303088
9.250000 17.380864 6.296164
9.260000 17.441153 6.289267
9.270000 17.501465 6.282397
9.280000 17.561789 6.275552
9.290000 17.622116 6.268734
9.300000 17.682436 6.261942
9.310000 17.742738 6.255177
9.320000 17.803014 6.248438
9.330000 17.863253 6.241725
9.340000 17.923445 6.235039
9.350000 17.983580 6.228379
9.360000 18.043650 6.221745
9.370000 18.103643 6.215138
9.380000 18.163550 6.208558
9.390000 18.223361 6.202004
9.400000 18.283066 6.195476
9.410000 18.342656 6.188975
9.420000 18.402121 6.182501
9.430000 18.461450 6.176053
9.440000 18.520634 6.169632
9.450000 18.579663 6.163237
9.460000 18.638527 6.156869
9.470000 18.697216 6.150527
9.480000 18.755721 6.144212
9.490000 18.814032 6.137924
9.500000 18.872138 6.131663
9.510000 18.930030 6.125428
9.520000 18.987698 6.119220
9.530000 19.045132 6.113038
9.540000 19.102323 6.106884
9.550000 19.159261 6.100756
9.560000 19.215934 6.094655
9.570000 19.272335 6.088581
9.580000 19.328453 6.082534
9.590000 19.384278 6.076513
9.600000 19.439800 6.070519
9.610000 19.495009 6.064553
9.620000 19.549896 6.058613
9.630000 19.604451 6.052700
9.640000 19.658664 6.046814
9.650000 19.712524 6.040955
9.660000 19.766023 6.035123
9.670000 19.819150 6.029318
9.680000 19.871896 6.023539
9.690000 19.924250 6.017788
9.700000 19.976203 6.012064
9.710000 20.027744 6.006367
9.720000 20.078865 6.000697
9.730000 20.129555 5.995055
9.740000 20.179805 5.989439
9.750000 20.229604 5.983850
9.760000 20.278942 5.978289
9.770000 20.327811 5.972755
9.780000 20.376199 5.967248
9.790000 20.424098 5.961768
9.800000 20.471496 5.956315
9.810000 20.518386 5.950890
9.820000 20.564755 5.945492
9.830000 20.610596 5.940121
9.840000 20.655897 5.934778
9.850000 20.700649 5.929461
9.860000 20.744843 5.924172
9.870000 20.788467 5.918911
9.880000 20.831514 5.913677
9.890000 20.873972 5.908470
9.900000 20.915831 5.903290
9.910000 20.957083 5.898138
9.920000 20.997716 5.893014
9.930000 21.037722 5.887917
9.940000 21.077090 5.882847
9.950000 21.115811 5.877805
9.960000 21.153874 5.872790
9.970000 21.191270 5.867803
9.980000 21.227989 5.862844
9.990000 21.264022 5.857912
10.000000 21.299357 5.853007
10.010000 21.333988 5.848131
10.020000 21.367916 5.843281
10.030000 21.401144 5.838459
10.040000 21.433675 5.833665
10.050000 21.465513 5.828897
10.060000 21.496661 5.824157
10.070000 21.527123 5.819443
10.080000 21.556901 5.814757
10.090000 21.585999 5.810097
10.100000 21.614421 5.805464
10.110000 21.642169 5.800857
10.120000 21.669247 5.796277
10.130000 21.695659 5.791723
10.140000 21.721407 5.787196
10.150000 21.746496 5.782694
10.160000 21.770928 5.778219
10.170000 21.794706 5.773769
10.180000 21.817834 5.769345
10.190000 21.840316 5.764947
10.200000 21.862155 5.760575
10.210000 21.883353 5.756228
10.220000 21.903915 5.751907
10.230000 21.923843 5.747611
10.240000 21.943142 5.743340
10.250000 21.961813 5.739094
10.260000 21.979862 5.734873
10.270000 21.997290 5.730677
10.280000 22.014101 5.726505
10.290000 22.030300 5.722359
10.300000 22.045888 5.718237
10.310000 22.060869 5.714139
10.320000 22.075247 5.710066
10.330000 22.089025 5.706017
10.340000 22.102206 5.701992
10.350000 22.114794 5.697991
10.360000 22.126792 5.694014
10.370000 22.138203 5.690061
10.380000 22.149031 5.686132
10.390000 22.159278 5.682226
10.400000 22.168949 5.678344
10.410000 22.178046 5.674485
10.420000 22.186574 5.670650
10.430000 22.194534 5.666838
10.440000 22.201931 5.663048
10.450000 22.208768 5.659282
10.460000 22.215048 5.655539
10.470000 22.220775 5.651818
10.480000 22.225952 5.648121
10.490000 22.230581 5.644445
10.500000 22.234668 5.640792
10.510000 22.238214 5.637162
10.520000 22.241223 5.633554
10.530000 22.243699 5.629968
10.540000 22.245645 5.626404
10.550000 22.247064 5.622862
10.560000 22.247959 5.619341
10.570000 22.248334 5.615843
10.580000 22.248193 5.612366
10.590000 22.247538 5.608911
10.600000 22.246372 5.605477
10.610000 22.244700 5.602064
10.620000 22.242525 5.598673
10.630000 22.239849 5.595303
10.640000 22.236676 5.591953
10.650000 22.233010 5.588625
10.660000 22.228853 5.585317
10.670000 22.224210 5.582030
10.680000 22.219083 5.578764
10.690000 22.213476 5.575518
10.700000 22.207392 5.572293
10.710000 22.200835 5.569088
10.720000 22.193807 5.565903
10.730000 22.186312 5.562738
10.740000 22.178354 5.559592
10.750000 22.169936 5.556467
10.760000 22.161060 5.553362
10.770000 22.151731 5.550276
10.780000 22.141952 5.547210
10.790000 22.131726 5.544163
10.800000 22.121056 5.541135
10.810000 22.109946 5.538127
10.820000 22.098399 5.535138
10.830000 22.086419 5.532168
10.840000 22.074008 5.529217
10.850000 22.061170 5.526284
10.860000 22.047909 5.523370
10.870000 22.034227 5.520475
10.880000 22.020129 5.517598
10.890000 22.005616 5.514740
10.900000 21.990694 5.511900
10.910000 21.975364 5.509078
10.920000 21.959631 5.506275
10.930000 21.943497 5.503489
10.940000 21.926967 5.500721
10.950000 21.910042 5.497971
10.960000 21.892728 5.495238
10.970000 21.875026 5.492523
10.980000 21.856941 5.489825
10.990000 21.838476 5.487145
11.000000 21.819633 5.484482
11.010000 21.800417 5.481836
11.020000 21.780830 5.479207
11.030000 21.760876 5.476596
11.040000 21.740559 5.474000
11.050000 21.719881 5.471422
11.060000 21.698847 5.468860
11.070000 21.677458 5.466315
11.080000 21.655719 5.463786
11.090000 21.633633 5.461273
11.100000 21.611204 5.458777
11.110000 21.588433 5.456296
11.120000 21.565326 5.453832
11.130000 21.541885 5.451384
11.140000 21.518114 5.448951
11.150000 21.494016 5.446534
11.160000 21.469594 5.444132
11.170000 21.444851 5.441746
11.180000 21.419791 5.439375
11.190000 21.394418 5.437020
11.200000 21.368734 5.434679
11.210000 21.342743 5.432354
11.220000 21.316448 5.430044
11.230000 21.289853 5.427748
11.240000 21.262961 5.425467
11.250000 21.235775 5.423201
11.260000 21.208298 5.420949
11.270000 21.180535 5.418712
11.280000 21.152487 5.416489
11.290000 21.124159 5.414280
11.300000 21.095554 5.412085
11.310000 21.066675 5.409904
11.320000 21.037525 5.407737
11.330000 21.008109 5.405584
11.340000 20.978428 5.403445
11.350000 20.948487 5.401319
11.360000 20.918289 5.399206
11.370000 20.887837 5.397107
11.380000 20.857135 5.395021
11.390000 20.826185 5.392949
11.400000 20.794992 5.390889
11.410000 20.763558 5.388842
11.420000 20.731886 5.386809
11.430000 20.699981 5.384787
11.440000 20.667846 5.382779
11.450000 20.635483 5.380783
11.460000 20.602896 5.378799
11.470000 20.570089 5.376828
11.480000 20.537064 5.374869
11.490000 20.503826 5.372922
11.500000 20.470377 5.370987
11.510000 20.436720 5.369064
11.520000 20.402860 5.367153
11.530000 20.368799 5.365253
11.540000 20.334541 5.363365
11.550000 20.300090 5.361488
11.560000 20.265447 5.359623
11.570000 20.230617 5.357769
11.580000 20.195604 5.355926
11.590000 20.160409 5.354095
11.600000 20.125038 5.352274
11.610000 20.089492 5.350464
11.620000 20.053776 5.348665
11.630000 20.017892 5.346876
11.640000 19.981845 5.345098
11.650000 19.945637 5.343331
11.660000 19.909272 5.341573
11.670000 19.872752 5.339826
11.680000 19.836082 5.338089
11.690000 19.799265 5.336362
11.700000 19.762304 5.334645
11.710000 19.725202 5.332938
11.720000 19.687962 5.331240
11.730000 19.650589 5.329552
11.740000 19.613085 5.327874
11.750000 19.575454 5.326205
11.760000 19.537699 5.324545
11.770000 19.499823 5.322894
11.780000 19.461829 5.321252
11.790000 19.423722 5.319620
11.800000 19.385504 5.317996
11.810000 19.347178 5.316381
11.820000 19.308749 5.314774
11.830000 19.270219 5.313176
11.840000 19.231591 5.311587
11.850000 19.192869 5.310006
11.860000 19.154057 5.308433
11.870000 19.115157 5.306868
11.880000 19.076173 5.305311
11.890000 19.037109 5.303763
11.900000 18.997967 5.302221
11.910000 18.958751 5.300688
11.920000 18.919464 5.299162
11.930000 18.880110 5.297644
11.940000 18.840691 5.296133
11.950000 18.801212 5.294630
11.960000 18.761676 5.293133
11.970000 18.722085 5.291644
11.980000 18.682444 5.290161
11.990000 18.642755 5.288686
12.000000 18.603022 5.287217
12.010000 18.563248 5.285755
12.020000 18.523434 5.284300
12.030000 18.483582 5.282852
12.040000 18.443693 5.281411
12.050000 18.403768 5.279978
12.060000 18.363809 5.278553
12.070000 18.323816 5.277136
12.080000 18.283791 5.275727
12.090000 18.243734 5.274327
12.100000 18.203649 5.272936
12.110000 18.163534 5.271554
12.120000 18.123393 5.270181
12.130000 18.083226 5.268817
12.140000 18.043033 5.267464
12.150000 18.002817 5.266120
12.160000 17.962579 5.264786
12.170000 17.922320 5.263464
12.180000 17.882041 5.262151
12.190000 17.841744 5.260850
12.200000 17.801429 5.259560
12.210000 17.761097 5.258282
12.220000 17.720751 5.257015
12.230000 17.680392 5.255760
12.240000 17.640019 5.254517
12.250000 17.599636 5.253287
12.260000 17.559243 5.252070
12.270000 17.518840 5.250865
12.280000 17.478431 5.249673
12.290000 17.438015 5.248495
12.300000 17.397594 5.247331
12.310000 17.357169 5.246180
12.320000 17.316741 5.245043
12.330000 17.276313 5.243921
12.340000 17.235884 5.242813
12.350000 17.195456 5.241721
12.360000 17.155030 5.240643
12.370000 17.114608 5.239580
12.380000 17.074191 5.238533
12.390000 17.033780 5.237502
12.400000 16.993376 5.236487
12.410000 16.952981 5.235488
12.420000 16.912596 5.234506
12.430000 16.872221 5.233540
12.440000 16.831858 5.232592
12.450000 16.791509 5.231660
12.460000 16.751175 5.230746
12.470000 16.710857 5.229850
12.480000 16.670555 5.228972
12.490000 16.630272 5.228112
12.500000 16.590009 5.227270
12.510000 16.549766 5.226447
12.520000 16.509546 5.225643
12.530000 16.469348 5.224858
12.540000 16.429176 5.224093
12.550000 16.389029 5.223347
12.560000 16.348909 5.222621
12.570000 16.308817 5.221915
12.580000 16.268754 5.221229
12.590000 16.228723 5.220564
12.600000 16.188723 5.219920
12.610000 16.148756 5.219297
12.620000 16.108824 5.218695
12.630000 16.068927 5.218115
12.640000 16.029068 5.217556
12.650000 15.989246 5.217020
12.660000 15.949463 5.216506
12.670000 15.909721 5.216014
12.680000 15.870021 5.215545
12.690000 15.830364 5.215099
12.700000 15.790751 5.214677
12.710000 15.751184 5.214278
12.720000 15.711663 5.213902
12.730000 15.672190 5.213551
12.740000 15.632766 5.213223
12.750000 15.593393 5.212920
12.760000 15.554071 5.212642
12.770000 15.514802 5.212389
12.780000 15.475588 5.212161
12.790000 15.436428 5.211958
12.800000 15.397325 5.211781
12.810000 15.358280 5.211630
12.820000 15.319294 5.211505
12.830000 15.280368 5.211406
12.840000 15.241504 5.211334
12.850000 15.202702 5.211288
12.860000 15.163965 5.211270
12.870000 15.125292 5.211279
12.880000 15.086686 5.211316
12.890000 15.048148 5.211380
12.900000 15.009678 5.211473
12.910000 14.971278 5.211593
12.920000 14.932950 5.211743
12.930000 14.894695 5.211921
12.940000 14.856513 5.212128
12.950000 14.818406 5.212364
12.960000 14.780376 5.212630
12.970000 14.742423 5.212925
12.980000 14.704548 5.213250
12.990000 14.666754 5.213606
13.000000 14.629041 5.213992
13.010000 14.591410 5.214409
13.020000 14.553863 5.214856
13.030000 14.516401 5.215335
13.040000 14.479025 5.215846
13.050000 14.441736 5.216387
13.060000 14.404536 5.216961
13.070000 14.367426 5.217567
13.080000 14.330407 5.218205
13.090000 14.293480 5.218876
13.100000 14.256647 5.219580
13.110000 14.219908 5.220316
13.120000 14.183265 5.221087
13.130000 14.146720 5.221890
13.140000 14.110273 5.222728
13.150000 14.073926 5.223599
13.160000 14.037679 5.224505
13.170000 14.001535 5.225445
13.180000 13.965494 5.226420
13.190000 13.929558 5.227430
13.200000 13.893727 5.228476
13.210000 13.858004 5.229556
13.220000 13.822389 5.230673
13.230000 13.786883 5.231825
13.240000 13.751488 5.233014
13.250000 13.716205 5.234239
13.260000 13.681036 5.235501
13.270000 13.645981 5.236800
13.280000 13.611041 5.238136
13.290000 13.576219 5.239509
13.300000 13.541515 5.240920
13.310000 13.506930 5.242369
13.320000 13.472465 5.243856
13.330000 13.438123 5.245381
13.340000 13.403903 5.246945
13.350000 13.369808 5.248548
13.360000 13.335839 5.250190
13.370000 13.301996 5.251871
13.380000 13.268281 5.253592
13.390000 13.234696 5.255353
13.400000 13.201241 5.257154
13.410000 13.167918 5.258995
13.420000 13.134727 5.260876
13.430000 13.101671 5.262798
13.440000 13.068751 5.264762
13.450000 13.035967 5.266766
13.460000 13.003320 5.268812
13.470000 12.970813 5.270900
13.480000 12.938446 5.273030
13.490000 12.906221 5.275202
13.500000 12.874139 5.277416
13.510000 12.842201 5.279673
13.520000 12.810407 5.281973
13.530000 12.778761 5.284317
13.540000 12.747262 5.286703
13.550000 12.715912 5.289134
13.560000 12.684712 5.291608
13.570000 12.653664 5.294126
13.580000 12.622768 5.296689
13.590000 12.592027 5.299296
13.600000 12.561440 5.301948
13.610000 12.531010 5.304645
13.620000 12.500737 5.307388
13.630000 12.470623 5.310176
13.640000 12.440670 5.313010
13.650000 12.410877 5.315890
13.660000 12.381247 5.318817
13.670000 12.351781 5.321790
13.680000 12.322480 5.324809
13.690000 12.293345 5.327876
13.700000 12.264377 5.330990
13.710000 12.235578 5.334151
13.720000 12.206949 5.337361
13.730000 12.178491 5.340618
13.740000 12.150206 5.343923
13.750000 12.122094 5.347277
13.760000 12.094157 5.350680
13.770000 12.066396 5.354131
13.780000 12.038812 5.357632
13.790000 12.011407 5.361182
13.800000 11.984182 5.364782
13.810000 11.957137 5.368431
13.820000 11.930275 5.372131
13.830000 11.903596 5.375881
13.840000 11.877102 5.379682
13.850000 11.850794 5.383534
13.860000 11.824673 5.387436
13.870000 11.798741 5.391391
13.880000 11.772998 5.395396
13.890000 11.747446 5.399454
13.900000 11.722086 5.403563
13.910000 11.696919 5.407725
13.920000 11.671947 5.411940
13.930000 11.647171 5.416207
13.940000 11.622592 5.420527
13.950000 11.598211 5.424901
13.960000 11.574029 5.429328
13.970000 11.550048 5.433809
13.980000 11.526270 5.438343
13.990000 11.502694 5.442932
14.000000 11.479323 5.447576
14.010000 11.456156 5.452274
14.020000 11.433194 5.457024
14.030000 11.410433 5.461825
14.040000 11.387872 5.466675
14.050000 11.365509 5.471572
14.060000 11.343342 5.476514
14.070000 11.321369 5.481499
14.080000 11.299588 5.486524
14.090000 11.277997 5.491588
14.100000 11.256594 5.496689
14.110000 11.235377 5.501826
14.120000 11.214344 5.506995
14.130000 11.193494 5.512195
14.140000 11.172824 5.517424
14.150000 11.152332 5.522680
14.160000 11.132017 5.527961
14.170000 11.111876 5.533266
14.180000 11.091908 5.538591
14.190000 11.072111 5.543936
14.200000 11.052482 5.549298
14.210000 11.033020 5.554674
14.220000 11.013722 5.560065
14.230000 10.994588 5.565466
14.240000 10.975614 5.570877
14.250000 10.956799 5.576294
14.260000 10.938141 5.581718
14.270000 10.919638 5.587144
14.280000 10.901289 5.592572
14.290000 10.883090 5.597999
14.300000 10.865040 5.603424
14.310000 10.847138 5.608844
14.320000 10.829381 5.614257
14.330000 10.811768 5.619662
14.340000 10.794295 5.625057
14.350000 10.776963 5.630439
14.360000 10.759767 5.635806
14.370000 10.742708 5.641157
14.380000 10.725781 5.646490
14.390000 10.708987 5.651802
14.400000 10.692322 5.657092
14.410000 10.675785 5.662357
14.420000 10.659374 5.667596
14.430000 10.643087 5.672807
14.440000 10.626921 5.677988
14.450000 10.610876 5.683136
14.460000 10.594949 5.688250
14.470000 10.579137 5.693328
14.480000 10.563440 5.698368
14.490000 10.547855 5.703368
14.500000 10.532380 5.708325
14.510000 10.517014 5.713238
14.520000 10.501754 5.718106
14.530000 10.486598 5.722925
14.540000 10.471545 5.727694
14.550000 10.456592 5.732411
14.560000 10.441738 5.737074
14.570000 10.426980 5.741681
14.580000 10.412317 5.746231
14.590000 10.397747 5.750720
14.600000 10.383268 5.755147
14.610000 10.368877 5.759511
14.620000 10.354574 5.763809
14.630000 10.340355 5.768039
14.640000 10.326219 5.772199
14.650000 10.312164 5.776287
14.660000 10.298188 5.780302
14.670000 10.284290 5.784240
14.680000 10.270467 5.788102
14.690000 10.256716 5.791883
14.700000 10.243038 5.795583
14.710000 10.229428 5.799199
14.720000 10.215886 5.802729
14.730000 10.202410 5.806172
14.740000 10.188997 5.809526
14.750000 10.175645 5.812787
14.760000 10.162353 5.815956
14.770000 10.149119 5.819029
14.780000 10.135941 5.822004
14.790000 10.122816 5.824880
14.800000 10.109743 5.827654
14.810000 10.096720 5.830325
14.820000 10.083745 5.832891
14.830000 10.070816 5.835349
14.840000 10.057931 5.837698
14.850000 10.045088 5.839936
14.860000 10.032285 5.842061
14.870000 10.019521 5.844070
14.880000 10.006792 5.845962
14.890000 9.994098 5.847735
14.900000 9.981437 5.849386
14.910000 9.968805 5.850914
14.920000 9.956203 5.852318
14.930000 9.943626 5.853594
14.940000 9.931075 5.854741
14.950000 9.918546 5.855757
14.960000 9.906037 5.856640
14.970000 9.893548 5.857388
14.980000 9.881075 5.857999
14.990000 9.868617 5.858471
15.000000 9.856172 5.858802
15.010000 9.843737 5.858990
15.020000 9.831312 5.859033
15.030000 9.818894 5.858929
15.040000 9.806481 5.858677
15.050000 9.794071 5.858273
15.060000 9.781663 5.857717
15.070000 9.769253 5.857006
15.080000 9.756841 5.856138
15.090000 9.744424 5.855112
15.100000 9.732001 5.853925
15.110000 9.719569 5.852575
15.120000 9.707127 5.851060
15.130000 9.694672 5.849379
15.140000 9.682203 5.847529
15.150000 9.669718 5.845509
15.160000 9.657214 5.843316
15.170000 9.644690 5.840948
15.180000 9.632144 5.838404
15.190000 9.619574 5.835682
15.200000 9.606978 5.832779
15.210000 9.594354 5.829693
15.220000 9.581700 5.826423
15.230000 9.569014 5.822967
15.240000 9.556294 5.819322
15.250000 9.543538 5.815487
15.260000 9.530745 5.811460
15.270000 9.517912 5.807238
15.280000 9.505037 5.802820
15.290000 9.492119 5.798204
15.300000 9.479155 5.793387
15.310000 9.466144 5.788369
15.320000 9.453084 5.783146
15.330000 9.439972 5.777717
15.340000 9.426806 5.772080
15.350000 9.413586 5.766232
15.360000 9.400308 5.760173
15.370000 9.386971 5.753899
15.380000 9.373573 5.747410
15.390000 9.360112 5.740702
15.400000 9.346586 5.733775
15.410000 9.332993 5.726625
15.420000 9.319332 5.719252
15.430000 9.305599 5.711652
15.440000 9.291793 5.703825
15.450000 9.277913 5.695768
15.460000 9.263957 5.687478
15.470000 9.249921 5.678956
15.480000 9.235805 5.670197
15.490000 9.221607 5.661200
15.500000 9.207324 5.651964
15.510000 9.192954 5.642486
15.520000 9.178497 5.632764
15.530000 9.163949 5.622797
15.540000 9.149308 5.612582
15.550000 9.134574 5.602117
15.560000 9.119743 5.591400
15.570000 9.104815 5.580430
15.580000 9.089786 5.569205
15.590000 9.074655 5.557722
15.600000 9.059421 5.545979
15.610000 9.044080 5.533975
15.620000 9.028632 5.521707
15.630000 9.013074 5.509174
15.640000 8.997404 5.496374
15.650000 8.981620 5.483304
15.660000 8.965721 5.469962
15.670000 8.949705 5.456348
15.680000 8.933569 5.442458
15.690000 8.917311 5.428290
15.700000 8.900930 5.413844
15.710000 8.884424 5.399116
15.720000 8.867790 5.384105
15.730000 8.851027 5.368808
15.740000 8.834133 5.353225
15.750000 8.817106 5.337352
15.760000 8.799944 5.321188
15.770000 8.782645 5.304731
15.780000 8.765206 5.287979
15.790000 8.747627 5.270930
15.800000 8.729905 5.253581
15.810000 8.712038 5.235932
15.820000 8.694025 5.217980
15.830000 8.675862 5.199722
15.840000 8.657549 5.181158
15.850000 8.639084 5.162285
15.860000 8.620464 5.143101
15.870000 8.601687 5.123604
15.880000 8.582752 5.103792
15.890000 8.563657 5.083663
15.900000 8.544399 5.063216
15.910000 8.524977 5.042448
15.920000 8.505388 5.021356
15.930000 8.485632 4.999941
15.940000 8.465705 4.978198
15.950000 8.445607 4.956127
15.960000 8.425334 4.933725
15.970000 8.404885 4.910990
15.980000 8.384259 4.887921
15.990000 8.363452 4.864515
16.000000 8.342464 4.840771
