# Mean fit:
# N_phi = 9
# N_t = 8
# N_season = 3
# N_euvac = 2
#
# Stddev fit:
# N_phi = 9
# N_t = 7
# N_season = 3
# N_euvac = 2
5.481250545889780439e-03
-5.689238922561793967e-05
-1.059329832446551968e-02
8.511119882629285130e-05
4.959959158374026462e-03
-3.443474712821385195e-05
-7.933531148668824390e-03
-3.684607541095424090e-05
1.077227292198272394e-02
-4.588895401637005833e-05
-3.281741787984589816e-03
-2.904114420875036101e-05
-9.295877312329019551e-03
-2.833227942341305666e-05
-1.217598129046914418e-02
4.817972723190659873e-05
-1.242795776001280432e-02
6.007357141236261598e-05
7.290307027859049827e-02
3.339351125532790819e-04
7.325073854654824863e-03
-2.322005272445859146e-04
4.483295214256444172e-02
-1.150250585771303195e-04
1.286029433845638573e-02
3.640512467112899620e-04
-2.567574078767461895e-02
1.856290125551497174e-04
2.799231752263214943e-03
-8.959172941472931734e-05
-1.191224328552206030e-02
1.677508386828195750e-04
3.123757056478398270e-02
-1.712139208250897104e-04
-1.008038836780945045e-02
1.842304279006906186e-04
-9.614334121389570692e-03
1.027736934930006827e-04
-1.481216033494710260e-02
1.029821623531077348e-04
6.663607764457492311e-03
-5.826110070100425396e-05
2.849336815774889536e-03
-6.631488959989228842e-05
4.780524304539622224e-03
-6.757818541286203261e-06
-4.926206868679785904e-03
5.204632491052133523e-05
-2.831061783749820853e-03
2.039888586128464702e-05
-3.513891265804531053e-03
2.385521897268994698e-05
-1.318705138183629997e-03
4.228622485215944364e-07
4.546082838450739294e-03
-5.032806236502818407e-05
-2.522421087358437709e-03
-3.122432308232890699e-05
-1.272150992426797150e-04
6.506358804814926307e-06
-1.395149714750151815e-02
8.726684446981585331e-05
-8.163471715528449260e-03
7.389972567113165642e-05
-1.669532953730674257e-02
1.306511960815853691e-04
-5.311225109056759430e-03
4.185262775440915612e-05
-1.066528522654507788e-02
7.877416278118957104e-05
1.443933903378121462e-02
-8.952187823271275858e-06
1.075919842780599482e-02
-1.144176073045940638e-04
6.890193306255847257e-03
2.890892268343742445e-05
-3.596909938366967679e-02
2.373321339594354875e-04
-2.019659729860884614e-02
9.617906015329968808e-05
3.588642076151003432e-03
-2.544223465142421837e-04
1.414495364450637366e-02
-7.639887874353693009e-05
1.088827236632742418e-02
-9.927374337760525047e-05
-2.164520890417208007e-02
2.886810929557770780e-04
-7.345913361406475849e-03
4.550152285588939991e-05
-5.360539500749808041e-03
4.643719720426179361e-05
1.228958241907968270e-02
-1.550666945615785351e-04
9.947114763785040378e-03
-8.688170023199018658e-05
4.614383414958679076e-03
-2.921469035273624839e-05
-2.138287241138218334e-03
2.314745588228014739e-06
-4.288172115306245272e-03
2.771305825455376581e-05
-4.567436125308466967e-03
6.806012943017983122e-06
3.547010014395859359e-04
9.365423151810707897e-06
5.481498519715975563e-03
-5.464439170704872166e-05
-9.787152876543149180e-03
-9.337308374869066941e-05
-1.177552389770824756e-02
-2.651208871835959659e-05
-9.381542339884739803e-03
3.816866094945362665e-05
-4.498848058370043777e-03
1.054956767648177860e-05
3.023962961644760181e-02
-9.779027305985057961e-05
2.299495788154365915e-03
-4.217576273841312128e-05
9.440050018685676447e-03
-7.503004328321737440e-05
-3.057874058513739696e-02
1.689454068685954449e-04
-1.443257552512107337e-03
3.471572138300715117e-05
1.195497864647329005e-03
2.010399579897876132e-05
2.005116196391430392e-02
-4.001065932552211064e-04
-1.520833236954037201e-02
2.205520100686731073e-04
5.730048532268521531e-03
-9.410693098589777215e-05
-1.870644371833963052e-02
1.646714952106106869e-04
2.077631489935019213e-02
-1.968187980875869012e-04
-1.037628971647099226e-03
1.682441753878900875e-05
8.479292415916326806e-03
-8.245970915169959327e-05
-6.286310365474452599e-03
5.656409498158862325e-05
1.010486997381246929e-03
3.013122573409798815e-06
-4.310846104090531455e-03
1.844310031066050373e-05
-4.626376712128305729e-03
2.584049196236725361e-05
1.566224693686567402e-04
-1.404715916415708358e-05
1.755762131349827837e-03
-9.819304560322772676e-06
6.615913491279460865e-03
-3.179779674368798009e-05
1.502413857213644871e-02
4.486599749997417926e-05
-1.150436315366420471e-02
9.054030622226332328e-05
-1.645296181731707372e-02
1.025124155299576753e-04
-1.032230159344040346e-02
3.395284340031792396e-05
3.735517488680950571e-03
-7.757739797030016680e-05
6.620613563717319371e-03
-1.559528648458264916e-04
-1.048965892787172977e-02
-2.736066315348454107e-05
2.028278777955301940e-02
-1.521292570801795556e-05
-7.205612236899855763e-03
1.308393121982808979e-04
-5.778859406671442087e-03
2.280543649014507665e-05
1.285338777786739547e-03
1.311869173731174804e-04
4.754724762501135252e-03
-5.664020600708872047e-05
1.904400455160699978e-04
1.755166689085751750e-05
6.714276755682909402e-03
-4.424736498126092426e-05
-4.407813999023822010e-03
4.680688314429619021e-05
2.411837378997778482e-03
-1.746448017330282974e-05
-2.646208835331193693e-03
2.812198629025921187e-05
-7.004375950204821477e-04
9.354846814332945336e-06
-1.121459464316808957e-03
8.496451265360267273e-06
5.266876532373856133e-03
-2.792352039056368945e-05
7.600362091620589851e-03
-6.811206717753769005e-05
7.519503426324064240e-05
-1.474256415321667778e-05
-1.013065921633369247e-02
6.024674874335894529e-05
-1.236651437511358982e-02
1.349423412178690741e-04
-4.581084120675233177e-04
-2.989609405015821152e-05
1.075963826446743252e-02
-5.913382522104539195e-05
1.905540493306632707e-02
-1.461344827276233845e-04
3.042215439635994733e-03
-4.649561497417982372e-05
-1.955780361867007558e-02
-5.080953306081446407e-05
-6.986283328080268931e-03
3.847396102306141854e-05
1.178063779799654563e-03
-6.709543138390692890e-05
-9.882037008635475780e-03
1.084912006853770505e-04
5.228422874803450096e-04
-5.238237281801935003e-05
-6.625225017284355582e-03
-2.958584879995199580e-06
-8.051062477667233564e-04
-8.472403065896715643e-06
-4.414476976977794315e-03
1.522645371760157843e-05
3.380079133001233967e-03
-1.203776533947243932e-05
6.218330688796860038e-03
-1.515302121003322157e-06
-7.842470643455650781e-04
2.771698076099733514e-05
-1.983044268574466699e-03
6.036921782671493192e-06
-3.768360472447719080e-03
-6.408826657766128362e-07
-1.918681418990196680e-05
-1.561137440400981970e-05
-2.493400871575586226e-03
2.219583036901784921e-05
1.925194639017538401e-03
-1.875043042993631724e-05
2.149529817821162637e-03
-1.101165933756439261e-05
4.245410955882765111e-03
-5.704676594397492783e-05
6.995406689422456860e-04
2.962815159080986967e-05
1.694509635060782683e-03
-7.554925022644811245e-06
-1.108709242848294682e-02
5.191790498849833621e-05
2.217810719926144054e-03
-5.461812519821157769e-05
-8.953512353520666142e-03
6.364110874781038105e-05
-1.025185997309627749e-03
-4.849504497972310067e-05
-1.223728448684206424e-02
8.540379542526987597e-05
2.349196380191531999e-02
-1.242533567981600592e-04
1.947892523243090028e-03
-2.786506158886704773e-05
2.179146493832769330e-02
-1.089774686805644480e-04
-1.282340650759412198e-02
1.488373935224741537e-04
-6.670976980619528623e-03
8.545450580873595867e-05
-3.260317512508139649e-03
2.099372418015130158e-05
7.737176794931409883e-03
-8.744457716998319191e-05
9.673763875514936744e-03
-7.556684035049063839e-05
7.108105228711963409e-03
-3.283224194580211107e-05
-8.287654854837704296e-03
7.976032131786913067e-05
-1.267795705987389372e-03
2.070772097051699122e-05
6.230774404488273509e-04
-1.878727556878341737e-05
3.494089775336928477e-03
-3.552748148140798018e-05
-8.043730705742925492e-04
9.511815004751510856e-07
4.604402755416312464e-03
-4.176299597940676101e-05
3.940689801915950134e-03
-2.678107974892766617e-05
-6.956008871717346163e-04
1.710420828817357152e-05
-4.348335679124347951e-03
3.987845165781986833e-05
-1.021244549064988065e-02
8.784505274018190152e-05
1.534385833075009023e-03
1.324321539676056819e-07
-3.497191479035137700e-03
-3.865275715836532459e-05
3.759121032349408559e-03
-6.226612933635902226e-05
1.744642707829486671e-03
2.970615601939987672e-05
3.574215590386041214e-03
-3.749334946840870791e-05
-1.101438790442793060e-02
2.285107581615274545e-05
1.182911729953877583e-02
-3.826603898947151860e-05
4.355757706886227536e-03
8.128575184033412233e-06
-1.394048085292894090e-02
1.056217911115386345e-04
8.815552092685460805e-04
2.911794194910225376e-05
-3.744425055652378116e-03
1.197148104020012016e-04
1.423551430161667034e-02
-1.676763728510275982e-04
5.009242912343479966e-03
-5.010307326735244225e-05
4.207058267276115801e-03
-4.720956148009089796e-05
-1.099984335032002172e-02
9.538391028689274331e-05
-1.473885191144100413e-03
2.607933509612299486e-05
-3.836694047082329657e-03
2.237371582061600215e-05
1.078152557772643367e-03
-9.458046347405790194e-06
-4.736323431563635271e-03
3.163516401112278245e-05
-8.660100375969340949e-05
8.360050100896719528e-06
5.221181936361860530e-03
-3.526110900351395161e-05
5.882989446239238196e-03
-3.884905519027514076e-05
3.582123325385180596e-03
-2.591011017393248826e-05
-9.833062472652779815e-03
8.186160938715096428e-05
-1.504072478726939215e-02
9.242296617314435568e-05
-1.093524671536044669e-03
1.708949138439632302e-05
1.010698512079129252e-02
-1.201812600150427881e-04
1.327017914914464629e-02
-7.830461803873882648e-05
1.893370153543587689e-02
-1.161008656842035645e-04
-1.435155567755857196e-02
9.037785974485598825e-05
1.059251025105417340e-02
-1.054564228009903291e-05
-1.355956473238734616e-03
7.649533470443887974e-05
-1.015837238983455107e-03
1.448063574494088331e-05
4.915105175413412436e-03
3.810228303731203468e-05
1.203351541538386950e-02
-6.929946030109539136e-05
-4.828841910923874908e-03
8.319836835420989869e-05
3.498283483901944158e-03
-3.506603498210254121e-05
2.494061987913840129e-05
6.128749362165159983e-06
3.653565546365916163e-03
-5.148433587374423299e-05
-2.372053473762968361e-03
2.278037286908033364e-05
-8.548662835034516417e-04
5.993494703446518749e-06
-3.763570278801334386e-03
3.990674693690630861e-05
-4.920434332521376759e-04
8.549732049362863584e-07
-4.253832981316724691e-05
8.366732692721851307e-07
3.610896247564490333e-03
-3.683835974735141718e-05
-3.079903118581681087e-03
2.757301626417473509e-05
-4.831298552509016332e-03
6.698634039144122862e-05
-8.679234017561321402e-03
9.104488775983895295e-05
1.339715368592913486e-02
-2.605741565654140715e-05
1.181234601100509228e-02
-1.196444228570759418e-04
1.314380239151302122e-02
-1.286339768605087024e-04
9.658876604386227097e-03
3.643325564867983272e-05
-2.255525391917093808e-03
1.455633992306732891e-04
8.157094420107058666e-03
-8.948317564767544117e-06
1.671958421698109543e-02
-1.266273200878792865e-05
1.411140137534468673e-02
-3.350287636235465893e-05
-2.083336794752276553e-04
1.193947181145142803e-04
9.863738878734705159e-04
-2.817606273048948976e-05
1.870813727383550604e-02
-1.520354044492911870e-04
-1.384663322201485670e-02
8.628482955367710976e-05
-4.785967170529883963e-03
4.811499302227390039e-05
-1.022912704071213784e-02
9.459777939667027942e-05
5.920319598672080068e-03
-1.346877855543586022e-05
-5.071542238606974520e-04
3.193485349776049158e-07
4.068558628157289969e-03
-4.188270977330846935e-05
-5.303301798537624762e-03
2.548892430350475433e-05
