# Mean fit:
# N_phi = 9
# N_t = 8
# N_season = 3
# N_euvac = 2
#
# Stddev fit:
# N_phi = 9
# N_t = 7
# N_season = 3
# N_euvac = 2
5.154505281084965397e-03
-1.677536577177240931e-05
-4.096394817472194701e-03
2.055390008352069427e-05
-4.751077316099191344e-03
3.619870492068626399e-05
1.275865717162347462e-04
2.854262016155482254e-05
7.558124368528477098e-03
-5.418491347384629632e-05
9.610077060029883697e-03
-7.043988960029560348e-05
2.319087154451155916e-02
4.471657703608405266e-05
-2.008748280320417356e-02
1.334735831096504368e-04
-1.685197356650371125e-02
1.233656964894203729e-04
2.827001818458299218e-02
5.114970687507284705e-05
7.593100517564254671e-03
-7.035081671757113851e-05
6.323704770382698043e-03
-3.040749924799190793e-05
1.617144749559944542e-02
9.170520356348735931e-05
9.086785921162965352e-03
-6.636635272283896813e-05
6.814105654289833239e-03
-6.961037388025237969e-05
5.621855131546384284e-03
-3.487792403878556334e-05
-4.940594087473803783e-03
4.004398933539309166e-05
-9.235728448778880717e-03
8.893198152914938632e-05
-1.706368000826888895e-03
5.297215666810401385e-05
2.499763501301394391e-03
-3.522504008443193090e-05
-2.379758731722500509e-04
-8.267450679618338670e-06
2.347374838225260143e-04
2.454167412601487513e-06
6.491650313220440754e-04
-1.322154160426914821e-05
-9.192755534991228338e-04
5.242106162409750787e-06
-1.915507593751362416e-03
2.561304801680087297e-06
2.171855558208853152e-03
4.256821932032403236e-06
9.653506617564555333e-05
1.173517020399819393e-05
4.887646131681066056e-03
-4.279227781795597041e-05
5.177348365714254039e-03
-3.981135753837258823e-05
3.255134542776959468e-03
-5.306038724358670819e-05
-9.878241634883679761e-03
3.768863042139419432e-05
8.245642181888699273e-04
-7.784943069936703299e-06
2.297694628905083691e-03
-7.098091956468359989e-06
-2.413747528403932096e-03
-1.727606317713669101e-05
8.441722997876393089e-03
-2.005235156881508639e-05
-9.797371846900767428e-03
6.219819275495399626e-05
3.463373623004881142e-04
1.504748282414398785e-06
-1.832774811606781252e-03
1.989725512993298077e-05
7.053934624544962173e-03
-5.912316006413745057e-05
1.183628412928228657e-03
-1.635160342526523344e-05
-3.038740836608520152e-03
3.469238846093548282e-05
-4.233317113333770650e-03
4.071263497951574438e-05
1.372979478108588339e-04
3.625614610429427829e-06
-1.049101895277238178e-03
1.201744737419975030e-05
5.830718743228574964e-04
-3.217166321712673190e-06
1.594469663631791281e-03
-1.591584824554915151e-05
-2.768345077387554878e-03
6.385073161720039433e-06
-1.116489008383655772e-03
-7.947426951612522941e-06
2.709556908406624779e-03
1.851711899361267830e-05
7.063341781074593782e-03
-1.336445783692969876e-05
7.960387218088640872e-04
1.378582523440797517e-05
-5.079102029602721585e-03
1.061785681973998045e-05
-1.130011828652527014e-02
7.589980956520430214e-05
-2.741333264706527842e-03
2.442018173355539369e-06
-1.964056899937157395e-03
2.426312332998240413e-06
1.506107132049060333e-02
-6.922807214710970634e-05
6.250712682466788225e-03
-2.002286569689022003e-05
-1.663965917604998384e-04
-4.177783168746645120e-06
-8.454095085510635044e-03
4.448813471510339645e-05
-1.156341115516326852e-02
5.545601686590306194e-05
1.720858725050951809e-03
-1.130457878920812719e-05
5.587138146329160768e-03
-3.300215118656525421e-05
8.755694055540767795e-03
-5.141760423476661771e-05
-1.449681725431772351e-03
5.141315402890454377e-06
2.952807380008288293e-03
-2.474921418424740809e-05
3.262380831899021403e-04
3.191954424707518096e-06
-6.148174690592274729e-04
1.040099735766950212e-05
-1.716791575694609018e-03
3.115288112371170223e-05
1.752472317438045612e-03
-1.574765010441058172e-05
-4.548292038173890051e-03
-4.627034500067516275e-06
1.918205188875548098e-03
-3.800489272906529725e-05
1.096269539566925404e-03
9.925929003005483248e-06
5.285505273133535992e-03
-3.906276237629867365e-05
3.883165452145069378e-04
1.675892552821695058e-05
-1.676187187565642478e-03
6.810237480113585469e-06
-2.537250352132398336e-03
9.122755544027078605e-06
-1.467208179488236307e-02
6.094781468012206018e-05
6.051780411298090297e-04
-1.990793455488503190e-05
9.636814466611542214e-04
-5.651105573094874233e-06
5.589896143883880085e-03
-1.379997363876636607e-05
2.894023870870744784e-03
-9.652438256371797463e-06
-2.230636579720817608e-03
1.719029750911499970e-05
-4.620573634438148065e-03
2.210028757102462229e-05
-2.122546964114697694e-03
8.555157849290982648e-06
-1.044017988419404649e-03
1.599339488888087121e-06
-7.684218707645826523e-04
6.674467121496424685e-06
6.292189378861882737e-04
-2.869329368909670626e-06
3.043492109234003859e-03
-2.223401168993230080e-05
3.135771124845818884e-03
-1.326812258838557475e-05
-1.345562374765224079e-03
2.254772392316664080e-05
-1.153516249914747147e-03
1.870632582132771907e-05
-2.416587186815340096e-03
1.431492692220553083e-05
-4.821526867423017552e-03
1.713353290628527232e-05
-9.713000322457142647e-04
-6.194474966531339296e-06
8.433996532119658260e-03
-4.333996431767464156e-05
1.064678296493853232e-02
-7.268795204601808844e-05
4.587356497614232705e-03
-2.260474990246406535e-05
-1.914047495243828469e-03
2.718879006914792659e-05
-7.493824299854599108e-03
5.333878321611087330e-05
-9.351899199312128106e-04
-1.796853682895797708e-06
6.857539951797692046e-04
-3.931341282001255715e-06
5.776287036542226451e-03
-3.009352928648526400e-05
5.567837338815604872e-04
-1.368589420408113459e-06
-9.373875498193024207e-04
7.145553024903102811e-06
-3.430470389934763432e-03
2.551656675084761875e-05
-9.225897276825902093e-05
-7.612401511705466670e-07
-9.601473332871996585e-04
2.421843144810840139e-06
-1.738286083263910001e-03
1.391858446418287822e-05
1.650507992646976394e-03
-9.416081250006500027e-06
-7.964332484247511846e-04
2.196147444999832710e-05
7.102864039271486636e-03
-5.767937677307275070e-05
3.595829053304655434e-03
-9.162934920462851427e-06
7.411070089001687601e-04
-2.315070188096949967e-05
-4.896398830669073179e-03
3.593094677967956831e-05
-3.265240494560931687e-03
1.908465844630219746e-05
-6.727873611115730602e-03
5.994998324178245851e-05
-2.636503847482175368e-04
-3.004921645288593736e-06
6.863755713023503117e-03
-4.394844289778391134e-05
5.273974910660403706e-03
-4.166502927318655797e-05
1.719883209735554837e-03
-3.660377764377515755e-06
-4.352814787681477324e-03
1.650962975428148897e-05
-4.635221707405290728e-03
1.266619637851883240e-05
-5.401780298284580535e-04
-1.665849998362024526e-06
1.028409330246494741e-03
-7.062201495527814114e-06
1.739711377878481449e-03
5.362085183641259862e-06
6.524129117113583193e-04
5.022074677232713934e-06
1.196437277510708054e-03
-1.175407365317434381e-05
1.712257726305377618e-03
-6.302128278450843940e-06
7.373998920940561972e-04
1.424624590133945272e-06
-2.079172757615283668e-03
1.671387409809645591e-05
2.539668865108779452e-04
-2.265448426121406140e-06
-8.839516407292951489e-04
-8.417091098779587902e-06
-9.176754943990664574e-04
-1.960638405288787537e-05
-2.356101381991615191e-03
2.973158308016378282e-05
-1.933998500162145131e-03
2.608597083261361254e-05
-3.101825369984123094e-03
1.764863145367837212e-05
9.481298086459644114e-03
-5.474469208378568289e-05
3.937649311852695240e-03
-4.448614140048645213e-06
-1.420267906454845660e-03
-1.035009923976195919e-05
-1.452687129200365933e-02
9.716405388971947595e-05
-6.988466331379416564e-03
4.116089657250097332e-05
2.785722535778297837e-04
1.068667555648711960e-07
9.710781850424357597e-03
-6.901018554085738203e-05
8.746602914704696558e-03
-7.004444193526534232e-05
-1.243531455591796829e-05
-2.408794329782887346e-06
-4.993677966954978946e-03
3.675691553096531493e-05
-5.872733405570849247e-03
4.805946380247633253e-05
-3.052396458642963532e-04
2.284809245810315442e-06
1.010707392908907461e-03
-1.200779492042594051e-05
-8.064249593945580765e-04
3.015488647756196473e-06
-7.557337547529897849e-04
1.305091634183676409e-05
-1.586125663735726832e-03
4.388324475003556622e-06
2.961377606342690746e-03
-2.675454755979504002e-05
3.670336569592486196e-03
-2.475871179427788612e-05
-6.638587859196459252e-03
5.302925708671550587e-05
-6.532038516637154492e-03
5.141649969059795795e-05
2.383947178032964648e-03
3.407651749012748047e-06
3.395693275798486780e-04
-1.467430484491858907e-05
8.867499862392115443e-04
1.624628242819023681e-05
-7.323506800830163060e-03
2.397985057875160264e-05
6.743176729225846405e-04
1.461851492588487639e-05
6.237980379310398803e-03
-7.235204423782988536e-05
3.210262468266937563e-03
-1.572509940520984211e-05
-3.579169982530098614e-03
6.020250808899473656e-06
-6.902539213387951476e-03
6.024757643114592637e-05
-9.749031384066882914e-04
2.373491191855554667e-06
2.380478405915868734e-03
-9.028709350801066889e-06
3.497139503266816912e-03
-2.656617683969829334e-05
-2.304933744971044329e-05
-4.828716924578310066e-06
3.258278921240396770e-04
-2.590388376865107765e-06
-4.589445402813861741e-05
9.264064268277311318e-07
-1.061914990204733704e-03
1.759807120563397934e-05
4.899040140750421206e-04
2.659430745357170859e-06
9.049322787665908677e-05
-3.330440817273416368e-06
6.269740442140102517e-04
-2.836496639114736431e-05
-3.258973504863928953e-03
-4.094717548006697139e-06
-2.394775652029397951e-03
1.008717039848054481e-05
-2.689606475463813921e-03
1.468106457991662716e-05
-2.554507780066462511e-03
4.097632659788124206e-05
-1.064717424474234155e-03
-1.369436073016608895e-06
4.186963421775325420e-04
-1.252990243316035765e-05
6.798000137001182323e-03
-6.579153191752179584e-05
4.545943126257390166e-03
-2.634737392726533171e-05
-1.080605157647457045e-03
1.191529036299576140e-05
-4.626110472489766180e-03
3.323754794667150984e-05
-6.997538847889135834e-03
4.746907839942494136e-05
1.938369803024336379e-03
-1.610025218928337056e-05
2.938288956394995155e-03
-1.283855592170428489e-05
3.815139139561922726e-03
-2.608765479717679308e-05
