# Mean fit:
# N_phi = 9
# N_t = 8
# N_season = 3
# N_euvac = 2
#
# Stddev fit:
# N_phi = 9
# N_t = 7
# N_season = 3
# N_euvac = 2
1.862873390068332108e-02
3.402202158898476303e-04
1.442758114607629871e-01
-1.843624354323531052e-04
-1.266004502291865896e-01
6.116934757797885727e-04
9.126506065948587765e-02
-6.931017792795648178e-04
-6.638320813263419440e-02
2.759075217051716708e-04
8.094179444044187488e-02
-6.176477454661054344e-04
-1.059209894413018355e-01
5.538378242546276083e-04
2.945736972582744737e-02
-4.583311651267393220e-05
2.554995787033585881e-03
1.287419864087821085e-04
9.249143182682120767e-02
1.464696189232742409e-04
-1.032060916852869763e-02
-1.367144686346296570e-04
4.851221615448527563e-02
-2.770644823426782655e-04
-2.086433049374011514e-02
3.565544604436781686e-04
-2.368090080107120715e-02
2.230300882772282304e-04
-7.682239660157771932e-02
5.975648072032610199e-04
-2.149943472372295092e-02
3.810731574533022430e-04
1.527256482888012835e-02
9.488255326305749637e-05
1.221887016924130404e-01
-8.646799444060445034e-04
-3.036238053473511861e-02
1.809188138932821342e-04
-4.474163121103292423e-02
1.672442834147663598e-04
-6.021749998991127173e-02
4.523092931398713947e-04
2.005535773153200099e-02
-2.590062838899143908e-04
-3.268998191335217851e-02
4.203246173106969948e-04
-5.407023508468941815e-03
9.268345144950396674e-05
3.638294944586711183e-02
-2.490970596633872310e-04
-9.187409056324230550e-02
5.491669594731944919e-04
9.162254148771132450e-03
-2.305367732676572725e-05
-6.871452463697691471e-02
4.011580626637284105e-04
1.160729299727362475e-02
-1.881787597281565515e-04
-3.651108607703372477e-02
2.201444295187012304e-04
3.337161719119357411e-02
-2.732072800320964443e-04
-3.267081235250494931e-02
3.142260185852313050e-04
3.630330301107964619e-02
-2.094860433292523427e-04
-2.489730738318234049e-02
1.612118858742596350e-04
8.208828331665581762e-03
-2.501986918453799548e-05
-2.316951188234451717e-02
2.309535739665055318e-04
1.851927979070794317e-02
-1.411772877929649221e-04
-5.500767705370552055e-03
-1.323351726686726705e-05
2.422748624964544614e-02
-1.527499543101452678e-04
1.303385372077300874e-02
-2.136168948745077430e-04
-1.732087117171891150e-02
1.604516040691461164e-05
-1.808939560727038792e-02
6.034736593369570212e-05
-1.719873392225420130e-03
1.228462919664516859e-05
-4.110713980172014947e-02
3.114580472718219534e-04
1.047342760278904480e-02
-4.018666186545275540e-05
-2.901040393074995338e-02
2.050747334945629075e-04
4.721015467969790630e-02
-3.539736830038518202e-04
-3.503295659438975668e-02
1.460556433178168744e-04
1.463579224268970504e-02
4.845942663312584548e-05
3.249157486768961683e-02
2.562415033266100340e-05
-3.920823804363027937e-02
2.156109756684971158e-04
-1.080296205460870010e-03
-4.310101837672635541e-05
-3.124391564545343086e-02
5.688969590954721592e-05
3.690359404074548821e-02
-2.898186340590145574e-04
-3.021217808958229917e-02
-2.519348072366086817e-08
-2.140272791603639591e-02
1.771442422670628937e-04
-2.630220116852580864e-02
2.016347527564365443e-04
-1.012808983253539463e-02
1.038825900589562779e-04
2.446010002406610526e-02
-4.795001704721080417e-05
-6.931388941144135847e-03
4.191601842041905616e-05
5.568108936072609615e-03
-1.003016330103315715e-04
-3.247048702376238716e-02
2.749634922567507456e-04
-3.113557293268405957e-03
1.669105235695783642e-05
1.116957902772521515e-02
-1.827588262714086961e-05
2.077998869835710142e-03
-2.296886119088699830e-04
-1.951411895533860727e-02
2.509339369408172533e-04
-1.966084014122186294e-02
8.142989365438951181e-05
-4.275720971435823664e-02
2.888448540506481426e-04
2.254607762178193441e-03
-8.052955981117350598e-05
4.377566658243055991e-02
-2.809073845281190892e-04
1.234004876456831767e-02
-2.276792514052195047e-05
1.962236507028111004e-02
-8.768686946273606168e-05
3.335456647567246885e-02
-1.568433147902594134e-04
9.076112276031492176e-02
-4.768100218083996334e-04
-2.476558289729576673e-02
1.233825672865103071e-04
-2.655011734195941719e-02
1.366789378931889429e-04
-6.709230269112204104e-02
3.610680641657437696e-04
7.239543010828732202e-03
-1.870491040210877140e-05
1.652803936100564249e-03
1.709218254082924275e-04
6.898643652439571949e-02
-4.490069487881373066e-04
5.029587306841878588e-03
-7.084303071254043375e-05
-7.679515824524401485e-03
-2.336064660949835648e-05
-2.609002407377921523e-02
6.583477262767245964e-05
-2.316152282501939691e-02
1.037837123262077632e-04
1.118015403511717770e-02
-1.682766499917858719e-04
2.350745916392301196e-02
3.292927676182082729e-05
9.513776142348698631e-03
-1.396265009543879957e-05
-9.894287444144020047e-03
1.142895900412047108e-05
-9.752698434702514185e-03
7.542731795763502837e-05
1.200254574926261017e-02
-8.990871547669867354e-05
2.569748329824688218e-02
-1.168992755572249669e-04
7.158558950996912751e-02
-3.890491076518048778e-04
-3.196617629027834889e-02
1.917165444600264399e-04
-1.198691350627492311e-02
6.598882330139660001e-05
-2.124622881279491365e-02
1.194803546756297415e-04
6.801387770738948242e-03
-3.390608436277377593e-05
6.977885976938402735e-02
-5.149867957335963571e-04
8.175379015549892603e-02
-6.269144824553622361e-04
-6.038448393523730695e-02
4.079252493373521516e-04
2.699220778428392670e-02
-1.209061038065580463e-04
5.811860326983609749e-03
2.010768307492431708e-05
3.753330180010386406e-03
-2.920082582347022037e-05
-2.280455363324674842e-02
8.502141177856866556e-05
2.942757410346542174e-02
-2.469680409860869450e-04
3.538546451560672240e-02
-2.142675961612056069e-04
-4.675270567312903719e-03
2.710487227554059570e-05
-2.224187341764570849e-02
5.652897874379669380e-05
-9.904847443683421210e-03
2.627335240705508650e-05
1.871216788154900917e-02
-2.065941128835996788e-04
8.114794318249464802e-03
-8.917109905022187232e-05
-1.679671645444089654e-03
-3.589747311929391047e-05
-3.951869225967372112e-02
2.751825504809135743e-04
-3.741873689017266580e-02
2.959141393581819356e-04
-1.970996842729155762e-02
1.396004720858502616e-04
4.029566675832165629e-02
-2.462733591207485789e-04
2.840398033264639882e-02
-1.225251758407806943e-04
-4.795214445737093836e-03
1.385512833584856576e-05
-3.796274327743483917e-02
2.357710035535533558e-04
1.212875609455046216e-02
-1.220928893058842728e-04
-1.862648776547134663e-02
7.699911557153706727e-05
1.049147366689648642e-01
-6.859086769107889704e-04
2.161562831029809895e-01
-1.389987438591400908e-03
-1.075742501668267292e-01
6.929222191826281060e-04
2.491811418387068072e-03
4.935871490622271231e-06
-6.207426623277770977e-02
4.368573288750246747e-04
4.221671320016878032e-02
-2.602221775068389292e-04
-9.754388043295208685e-03
-3.211760952137493902e-05
3.140667457460324247e-02
-2.342502105174789392e-04
2.202180981280334963e-03
1.851662637118897637e-05
-1.458971905408507075e-02
6.894015384035771690e-05
3.966260346289228293e-03
7.429964851219103886e-05
1.548216189564172347e-02
-3.768266660925046802e-05
-4.775354133738651113e-03
9.273038983577158896e-05
1.460214648920625524e-02
-1.169343384965885221e-04
-3.544517569367327224e-03
-9.186082662104971119e-06
-4.105740734980948582e-03
-5.073181372141925876e-05
4.895588760784515964e-02
-3.611622709289538549e-04
2.862884186655141258e-02
-9.783289157790028845e-05
2.516144785175419840e-02
-1.021352025768820510e-04
8.123573497009882070e-04
4.977938911319070313e-05
-2.081084974464520940e-02
6.369279326212222154e-05
-1.462495236691658922e-02
1.066655331707126270e-04
2.010522126694388664e-02
-1.720068885411842529e-04
3.836281860229977508e-03
-3.512534563970313799e-05
-3.193094729292845352e-02
2.490171091984886621e-04
-7.362409348458534564e-02
5.208012720686323697e-04
2.067276066063418807e-02
-9.601601557897501010e-05
-1.159510673711627166e-02
5.459862623322612470e-05
2.830825703440442709e-02
-1.877169669396593532e-04
1.318351479400092612e-02
-1.853011391061832713e-04
1.745485369512898843e-02
-7.543623943718074938e-05
-9.778165382635163258e-03
1.106066523411520212e-04
-4.543790248344869998e-02
3.691698581965606116e-04
1.059532893521001468e-02
-6.046926008336895133e-05
-2.867979404671885946e-02
4.586397591332042935e-05
6.024540578389319181e-03
-1.733189014598319078e-04
1.272409504156840447e-02
-2.054748774204905168e-05
4.423478266494515476e-02
-1.339807060408423423e-04
-4.337327952431308670e-02
3.505811558813956108e-04
2.007933082567513877e-02
-1.556515729308330159e-04
-6.162889377910291816e-02
3.557896667315449380e-04
9.973924540124707878e-04
-3.951751554228763344e-05
1.396015105506635129e-02
-7.625011038121246780e-05
8.124310850801881589e-02
-4.568218889774815759e-04
-2.229911518732560424e-02
1.321487410178854357e-04
-3.272927437650715275e-03
1.341116470750545125e-05
-3.477706877020547704e-02
1.951849592760789205e-04
4.773809711205633834e-03
-2.417313286999460596e-05
2.770455330604437022e-02
-1.271606488587381377e-04
5.231878085468128631e-02
-2.761693165499966556e-04
-3.232254905789593014e-02
1.719390899196202201e-04
-8.407429732099723843e-03
5.063690491541709575e-06
-3.639583996124409054e-02
2.620846826440360183e-04
6.748188307185554353e-03
-8.597935793287788775e-06
-2.821129162092365569e-02
2.673631698878824159e-04
4.778683322647719195e-02
-4.662667739576805076e-04
7.680737242365611936e-03
-1.827097906000325455e-04
3.848915672551522348e-03
-6.377351203191479337e-05
8.413784453562396515e-03
1.070989020048481295e-04
-2.397412688434975066e-03
1.087686073333905958e-04
-2.471375129699723014e-04
2.100233114976184621e-04
3.205954049667202738e-02
-3.118990179830797909e-04
2.612018379844814608e-02
-2.524451340163949456e-04
1.650026753505233479e-02
-1.647248986832725644e-04
-2.548789374583038808e-02
2.204744017860813107e-04
-2.403401746763065422e-02
2.205581302710776011e-04
2.132696119692255570e-03
2.149490076294460842e-05
3.299268786727137942e-02
-2.758344411862072255e-04
1.097602330359007811e-02
-9.498255284895657565e-05
1.934388335460575023e-02
-1.709232875243782922e-04
-2.605769582668158654e-02
2.530934274553630139e-04
-7.053489670201178868e-03
9.658092847820092626e-05
-1.101119459214084349e-02
-2.666688026381936632e-04
-1.033124528389791352e-01
1.525982918546675950e-04
5.219123885647809769e-02
-1.262074696113405436e-04
-4.240545555637605796e-02
3.634199665897699461e-04
7.394111891919973034e-02
-3.059379517301636948e-04
-5.478217650028474606e-02
3.132903592592742705e-04
7.390759778735500607e-02
-4.392380548015828120e-04
-5.556025267770341863e-02
2.511120550102763404e-04
1.023497509844354184e-02
-1.517863039767226451e-05
-1.467738909244072076e-02
2.137369650013611153e-04
8.378843401541186120e-03
1.291936127779148033e-04
-2.696327578739212555e-02
1.278619629990295327e-04
-8.452189244481714964e-03
1.413354332076045827e-04
1.675482145500934491e-03
6.219489071678783590e-06
3.363698468001764808e-02
-1.451427019085024177e-04
4.994519155180424108e-02
-4.280078925329630071e-04
2.048907153397660011e-02
-1.173488455593106546e-04
-2.940530776873137575e-02
1.530272062806638527e-04
-3.920571087815587219e-02
2.794234772016653337e-04
-1.869410684767754474e-02
5.513702956748307577e-05
4.290140866646248441e-02
-2.406330696259092300e-04
2.589769801116665118e-02
-1.945994558251272618e-04
-8.870807263989732502e-03
1.314776392075576680e-04
-1.417316567176239890e-02
1.141808768309728950e-04
