# Mean fit:
# N_phi = 9
# N_t = 8
# N_season = 3
# N_euvac = 2
#
# Stddev fit:
# N_phi = 9
# N_t = 7
# N_season = 3
# N_euvac = 2
-4.274928305963391663e-03
4.033356376244328538e-05
3.951979397340252276e-02
-3.054563757675664878e-04
1.024949156500948137e-02
-6.057753365495959782e-05
2.498481454799328372e-02
-1.229430942909457976e-04
-4.996162323625378404e-02
2.952078721839804416e-04
-9.414116060430993693e-03
8.074304117979322739e-05
-2.255100128522197905e-02
2.917305495713628377e-04
6.186042916816274911e-02
-3.567355146849022877e-04
5.585669660145158033e-02
-3.482476693506839712e-04
4.873573058804878122e-02
-7.963868017962877854e-05
-3.379935506962115921e-02
1.933775608208916001e-04
-4.144758284265066817e-02
2.548732919521016788e-04
-7.081860732084587981e-03
2.262012217817377347e-04
5.930148253935717956e-02
-4.161723083906282731e-04
5.169554273473969674e-02
-3.414166659643525512e-04
2.119725198162418500e-02
-1.126201506676512772e-04
-4.702668677193572178e-02
3.508462958284041264e-04
-2.779905833746557087e-02
1.746266927759124741e-04
-1.186634525938061978e-02
1.373226178546020594e-04
2.362104338767588227e-02
-2.082293704343966324e-04
2.631904291636605071e-03
-4.729102775733913657e-05
2.149635697942555226e-02
-1.218311310937371633e-04
2.285239563487663494e-02
-1.529591817807901923e-04
-2.557232386932338508e-02
1.511287069459193869e-04
-1.919808647050583585e-04
-5.773791312848895919e-06
-1.339295625950683889e-02
1.095622418613234280e-04
1.533222019976153774e-02
-8.893177108290671942e-05
-1.141451201764531395e-02
5.400740800309102230e-05
1.500140436927038974e-02
-9.199296080363445751e-05
-1.272721635808797026e-02
7.401811438831885329e-05
-3.966814807751698792e-03
3.228034043128722098e-06
-3.932401812627538476e-03
4.854013396079720033e-05
2.866533439101095430e-03
-1.319154110134169621e-05
-3.401339033888038394e-03
1.945879452199510857e-06
1.054630464203401910e-02
-8.067832391680267092e-05
2.972897420251543587e-03
-1.362851293653666267e-06
1.809393265758053220e-03
-1.149203597619276807e-05
-2.074273675651103210e-02
1.707001013945200609e-04
-9.312821762975327655e-03
4.751443604380366388e-05
-4.866680879845955605e-03
4.686098862222916090e-05
1.857840639925725096e-02
-1.426517457677450710e-04
-1.093819831613791066e-03
-1.257530978000075303e-05
-1.487455657848240145e-02
1.279571592393238973e-04
-6.543342631054459291e-03
7.404551454535672115e-05
8.906047665749899922e-03
-8.501755484924101796e-05
2.020914922599992974e-02
-1.275292557604719424e-04
2.717002096254186958e-03
-2.142485656068896858e-05
-4.105361952928494873e-03
3.898534392258875224e-05
-1.351128379420466104e-02
1.089717699370994930e-04
1.211623420976119629e-02
-5.692182024194832312e-05
1.775274444685253847e-02
-1.191290728609586036e-04
4.270802428261023624e-03
-4.818559741652983421e-05
-1.676457165743232194e-03
1.093116010797195747e-05
-1.278003659630582399e-02
9.784428863473654790e-05
-3.045955918638843527e-04
-1.280429740269025314e-05
5.100585102493163624e-03
4.445836547001111704e-06
7.229769930349682315e-03
-6.232245054547778810e-05
3.293213125355885524e-03
-2.372458867948853975e-05
7.246890056450191607e-05
-2.102297670397477400e-05
-2.456697458309642715e-03
3.098750358749449929e-05
6.302579527141733470e-04
-9.848167847856869904e-07
-3.399465157781073857e-04
8.306090867627803867e-06
-1.556604026348870195e-03
1.030297835349589460e-05
-4.325589963632020009e-03
3.528800978019797134e-05
-7.148758919045087278e-03
3.325663543460847691e-05
1.104656695444251532e-02
-8.234900680689686387e-05
-9.501672048801805548e-03
4.657032512043543927e-05
-5.852476635962033588e-03
6.406199954763600762e-05
-1.535567362345098379e-02
1.016914266751003476e-04
9.963112356638527400e-03
-6.613371688826114145e-05
3.473700869820094128e-03
-7.150883676641110514e-05
1.733510700792812234e-02
-1.162057183491661648e-04
-6.443497626156460302e-03
2.066342458523781630e-05
-2.659792536852814606e-03
5.635101795472555934e-05
-7.696703234524110253e-03
7.024833976201264160e-05
1.129424153545757412e-02
-8.322943179851641574e-05
-7.840700906731614198e-03
-2.656392693337783776e-06
3.264958509614532527e-03
-3.144947574018858665e-05
-3.025987537428942876e-03
1.202690919415962939e-05
-1.292225781650190248e-04
-3.735349530847470270e-07
-1.377661198394024462e-02
1.018338932552142746e-04
-5.542040575129933075e-03
3.590373275763735498e-05
1.739251573350836678e-03
-3.177093262016516585e-05
1.002756731156232740e-02
-6.878843759887658810e-05
1.322827874212783618e-02
-8.656786302026194338e-05
-3.160524479821805177e-02
1.750825809237639696e-04
-6.800902887296968700e-03
4.064994342949506545e-05
-1.909305204146217322e-02
1.141866722389589913e-04
1.618450637403777079e-02
-7.781336575328790819e-05
-3.039101160924583770e-03
1.324466778449979648e-05
2.241515545967457529e-02
-1.473783486439027941e-04
-2.000254181920180230e-02
1.302594671756818754e-04
-1.125463376847867479e-02
8.007133932754766808e-05
-1.406195136643116454e-02
8.626980205704753762e-05
1.576586700916277409e-02
-8.478600421689377247e-05
1.333513920322200799e-02
-9.383182311180667662e-05
1.309963948522093954e-02
-9.259881292037642358e-05
-1.359254827509101191e-02
8.701306093287769613e-05
-1.783237166527115031e-02
1.342032363557650674e-04
-5.358597711555147802e-03
3.835579328673209483e-05
3.404884636136452057e-03
-3.184452213231815746e-05
-2.259700866504539465e-03
3.794304060325640274e-06
7.288226845848929172e-03
-5.959761091172267704e-05
-1.704753941209582535e-03
4.635021924254858323e-05
5.229232674385207724e-04
1.681429377063677581e-05
3.694967825489813180e-03
-3.077222189167119125e-05
3.838268886114037937e-02
-2.395819234161910010e-04
-1.121820174301313942e-02
6.340949890279668150e-05
1.796624598514579008e-02
-1.024169746066563820e-04
-2.037594974156094196e-02
1.379265853792728265e-04
1.302082064173419595e-02
-6.542148803138550907e-05
-1.276342062791777088e-02
8.456944044153293203e-05
1.933111035477786538e-02
-1.194511763233717616e-04
-3.038334547943559189e-03
1.717842828439278383e-05
7.694078929179080928e-03
-5.403720966548913754e-05
-1.625681237772043722e-02
8.536277884727299823e-05
-2.331651530997150452e-03
-1.023730743522832004e-06
-7.373359234403621849e-03
5.759182142733517990e-05
1.421834001279616809e-02
-7.758388433515682621e-05
4.543093247063583785e-03
-8.571314269472751516e-06
7.746268468545663803e-03
-6.017806691437788672e-05
-1.264055635472670878e-02
4.513610652211588541e-05
-4.232264800679496133e-03
2.694888797677408819e-05
-4.006557173160413959e-03
2.105771187123949218e-05
-2.826854691862138282e-04
9.742181966211847698e-06
-1.296449646201684008e-05
7.759157129430572250e-06
-2.209737226706435034e-02
1.440131355152223804e-04
-3.203792891390360581e-02
2.054509781019589433e-04
2.064250630333860567e-02
-1.217762464028950302e-04
-6.753183313824509190e-03
2.776423189510424461e-05
5.795141413772789650e-03
-4.298909769943935684e-05
-3.005221358188976070e-03
1.836943467735789614e-05
1.092312141041680042e-02
-7.108280446354072596e-05
-1.311447525093403788e-02
1.097949871288505429e-04
-4.936560447932037375e-03
4.018554115522764641e-05
-9.944798507979238020e-03
4.187968528510293203e-05
9.024304180406676062e-03
-8.157516549556540321e-05
-8.334768475709526453e-04
2.183990493792416834e-05
5.602725903630900164e-04
-9.009916209713134562e-07
-1.897035145431403419e-02
1.510335635845044930e-04
5.943712532913985810e-03
-5.865130032976729259e-05
-6.489103065236027056e-03
3.998721167608467554e-05
1.473023446411666701e-02
-8.249998600520632656e-05
-1.586962368528805701e-03
4.035289918370194259e-06
2.220409557399565751e-03
-1.551096827887378027e-05
-9.612016478178914136e-03
5.327562950440089114e-05
5.125715874530577601e-03
-2.724882635416864637e-05
5.362101950015922894e-03
-5.588277034200092737e-05
4.533232488725523479e-03
-3.959577623050125882e-05
-7.493090252022206049e-03
5.782178903711755210e-05
-2.787038365034932332e-03
2.023723596240460708e-05
-7.527668709952620510e-03
4.112787014510212521e-05
4.590476795116344745e-03
-2.299847406874356667e-05
-2.299729025749630215e-03
2.670517470477355905e-05
5.573090756025487168e-03
-6.899362494934835604e-05
1.031819102340900086e-03
-2.308583561872194602e-05
-1.352472503718400937e-03
2.115892814937577295e-05
-2.658686233508233965e-03
5.989361560589268215e-05
3.669060376148953703e-04
3.910408779237808363e-06
7.420706341568770667e-03
-7.834884595184709536e-05
1.074580272480069737e-02
-8.167682936067419434e-05
-1.353918635140455295e-02
9.730759234696127128e-05
-9.446081176741002311e-03
6.923246845801561472e-05
-7.358088440296065708e-03
2.472378985481000593e-05
2.111118365902750135e-02
-1.331503375171741866e-04
-7.209055341398823077e-03
3.015714652824484914e-05
-1.333649416121614932e-03
1.832852692341604425e-05
-1.423101926554780350e-02
9.005807194583113949e-05
-2.433776246483740878e-03
-7.709370125235758475e-07
-7.263278305588151103e-04
2.755111546885348749e-06
-2.582868570510714508e-03
2.081179007423958384e-05
1.960326889473987602e-03
-7.173929087681625406e-07
8.160970585628505788e-03
-4.601326549791486681e-05
8.123174372055660952e-03
-4.396518254421707066e-05
-2.047205108722026737e-04
-2.847103485096432734e-05
-1.575259907777010887e-02
9.241325102167490663e-05
-1.644081513394788155e-02
9.666245328660092589e-05
-8.057489375142174197e-04
9.931728475910503014e-06
2.732019243384872613e-03
-1.596207388609715506e-05
4.020517216839407035e-03
-2.184713276705073004e-05
-2.608161550504372889e-03
1.395621889186534698e-05
-3.138022559531777759e-04
-2.361583265990088826e-05
-6.294649948421423245e-03
4.185818865548965892e-05
-2.792365778629944586e-03
7.303286997925728420e-06
7.841734742884621384e-03
-3.738846782427105705e-05
6.334539008612852760e-03
-5.650327576795828458e-05
9.774105715791618632e-03
-4.440399504372387807e-05
4.637205918307488357e-03
-3.027146159361269334e-05
3.988282406232361230e-03
-1.762602548952584136e-05
