# Mean fit:
# N_phi = 9
# N_t = 6
# N_season = 5
# N_euvac = 2
# N_tau = 3
#
# Stddev fit:
# N_phi = 3
# N_t = 6
# N_season = 5
# N_euvac = 2
# N_tau = 3
1.697969657686871636e-01
3.630033608802953754e-02
-2.456391129424877195e-02
-2.254264776566418935e-04
-1.894588366818819136e-04
1.661461066756135378e-04
7.528840435306594081e-02
6.716530988115525236e-02
-6.927717847409874813e-03
-7.142464374752059957e-04
-6.897035604376732182e-04
-1.343334544942543954e-04
4.213180487421188010e-03
-4.960775929262759010e-02
-4.574421327817838889e-02
2.716187643330440684e-04
2.800091802809593863e-04
3.091158164261229935e-04
-9.722000547156312011e-02
-3.332429474037707645e-02
-8.835394733802582820e-03
9.660584843336504418e-04
3.433322031175910097e-04
3.489647970671361991e-04
-5.212560361107351076e-02
-3.920944426012299561e-02
-5.474779715141770559e-02
5.881207699412076056e-04
3.952888722506749954e-04
4.408186108944769791e-04
1.176509901598122021e-01
-1.967633516748495265e-02
5.779069332259205785e-03
9.418678660013464661e-05
1.961338289882401148e-04
-5.009654512677802360e-05
-5.191135062501536779e-02
-7.358018494766692397e-02
4.946318201543633414e-02
3.180581958729322093e-04
5.696341881983995334e-04
-2.508941928490222200e-04
9.786058072141976677e-03
5.644454870895110332e-02
3.320447120616170072e-03
-2.883415714560502415e-04
-2.917999321793527268e-04
8.590113700554043348e-05
1.164005160694047553e-02
-2.452994786692942047e-02
-7.702040396583996473e-02
-1.927193490617791786e-04
1.409273063620151848e-04
4.608516061895965351e-04
2.568929704025103844e-02
2.381833127202948736e-02
2.137754908560999395e-02
2.305306490504976281e-07
-2.413561682113272706e-04
-2.060533045311441311e-04
3.445298949445140257e-01
-1.431297702891199362e-02
7.154751636519466468e-03
-9.768516874548592490e-04
4.845699000046416698e-05
-1.382542747297395899e-04
6.173178568746712919e-02
5.572211257377917420e-02
2.034193452195017307e-02
-3.987732508257674354e-04
-4.577032587261246226e-04
-2.961926365386303170e-04
1.212315080352139793e-02
-5.250140238605045806e-02
2.614753446323953359e-02
3.599316561656958004e-04
3.051540730256477297e-04
-3.891119326842725152e-04
5.083565162802768100e-02
-1.405911960020100882e-02
5.206069520715130711e-02
-8.037992025863884807e-05
7.227275417615340114e-05
-2.871284547840606094e-04
5.756836240557938744e-02
7.896062187752576206e-03
-9.312795099152147704e-02
-4.492462975333175786e-04
4.320014543016098942e-05
7.535990899515839208e-04
1.072897837660472392e-01
-2.899528654010230175e-02
-2.924718727972687796e-02
5.510241178419511511e-04
2.848476247167441746e-04
3.658509383834952322e-04
-2.897654976737746788e-02
-9.292616165987004073e-02
-2.698849446819558823e-02
1.467599780797043002e-04
6.002501175333466426e-04
4.079256766927211262e-04
-4.845066757135991359e-02
4.742267182629656720e-03
-3.327592514928730261e-02
7.036734654524031112e-05
-3.471721573271551852e-05
4.344476510466392574e-04
1.495581776348903734e-02
-2.571386436441228107e-02
-1.490367589978397987e-02
-2.484950281138927769e-04
3.179559226030441205e-04
7.606979614939455897e-05
-4.649279242451665600e-02
-1.304235125478587880e-02
8.325090081403058173e-02
5.219429133580521249e-04
4.031261842801816929e-05
-7.208397683578804957e-04
2.711332756378346809e-01
3.241565700622465324e-02
-1.942643367652397270e-04
-5.600625885473349509e-04
-7.396783154752035387e-05
-6.057335942703139572e-05
3.048335375967851577e-02
5.779342512961919281e-02
-3.054564060059583239e-02
-1.390334576725852636e-04
-3.005490905757089866e-04
1.194697251970488192e-04
-1.042147233052179572e-01
4.131990548909121597e-02
-6.721885622101113344e-02
1.038689633044027547e-03
-3.593950074470791782e-04
5.501263601330866121e-04
-5.609720403988974896e-02
-5.944974251267153009e-02
-3.929584431202862160e-02
7.253090125341045500e-04
2.579390281844481546e-04
6.014058131746212324e-04
9.751945278422395613e-02
-3.448400208129172306e-02
-6.364177384852956476e-02
-6.854644783866356388e-04
3.665840058361238330e-04
3.735777756413353307e-04
9.709209853446358618e-02
1.196881379895873253e-02
-5.840965887303203180e-03
1.925613060713204168e-04
-5.591398885871355276e-05
-1.071108526758383120e-04
-2.065915389266572560e-02
-5.548706770686473444e-02
-3.896258138643585167e-02
6.587692414064502168e-05
4.315781558836484988e-04
2.650843813026990082e-04
9.416838597527836530e-02
-5.099770404854979400e-02
4.201814043933282949e-02
-8.899242716065612971e-04
5.255063090684263622e-04
-3.930916877418920083e-04
1.105871788776597586e-01
-3.711862864646074591e-03
8.659697159292811808e-02
-9.762327360281032118e-04
1.952591748995638888e-04
-7.779386745968530333e-04
1.623309828339620370e-02
-1.583094182907823820e-03
-8.011284791319675525e-02
8.047801047324213059e-05
1.476272592272628392e-04
6.661639103438034845e-04
6.532997209640281633e-02
-5.642907494396599832e-02
-2.407944938385567571e-02
-2.221367726037695104e-04
3.414969037015983064e-04
9.564799187698047990e-05
-2.248043326505589842e-02
8.581971261618739910e-02
2.459634453156738648e-02
1.671363231074616510e-04
-7.594398260736258356e-04
-2.419481857548489432e-04
-1.040811059814004437e-02
-3.563207813419524972e-02
-1.448674151530026342e-02
2.639357411598648108e-05
3.046586709722616613e-04
1.140983552009177960e-04
1.733568533044712798e-02
-1.092383576612337287e-01
-9.963033272633528559e-02
3.680953299244177335e-05
9.728249099685250733e-04
5.673833915774785302e-04
1.970288692776265074e-02
6.697902918167261341e-03
-1.035977044065510555e-01
-4.103485917283379345e-06
-8.937024474334271848e-05
7.198317480682908925e-04
1.832926859546473233e-02
1.348587240005558532e-02
6.845677737980361381e-03
-1.607758100131510815e-05
-7.792267528281914110e-05
3.535363167820498761e-05
3.650243785400737045e-02
-3.901938606352291922e-02
-1.644381950358625661e-03
-3.953299811588194290e-04
2.059329696177082604e-04
1.465359105315842047e-04
1.500853752968994703e-02
1.449186449254604714e-01
-5.645745432409611346e-03
5.732048463395982804e-05
-9.572128269880725683e-04
9.412058142845707053e-05
-2.078049587610194746e-02
-8.322259764449082414e-03
8.906712391337465173e-02
9.874471453077896118e-05
7.393931061318560799e-07
-5.334931434794890417e-04
-4.535100362135232460e-02
-1.512567900948706343e-02
4.394032970394334825e-02
4.348927812050529945e-04
2.972391114075240257e-04
-2.635847119145934411e-04
1.626270031607151764e-02
-3.358165728300196388e-03
5.921387113272956297e-03
1.201561325729822581e-05
6.705559025063401822e-06
-2.687891705428420734e-04
-6.372682673279980725e-02
1.883241075401417830e-02
-4.934870124661185076e-02
7.111927369972369239e-04
9.933519509942314533e-05
1.739684271331727020e-04
-6.343778256328070318e-03
-1.817980709798090733e-01
-6.459606692739820917e-03
2.425104870729801346e-05
1.146136045584567661e-03
-1.426450449610045380e-04
-3.634728940085759502e-02
-4.493193277802181446e-02
-1.269976487070210436e-01
2.818867031681632543e-04
2.943439880131426783e-04
5.665426094419703709e-04
4.343693862962958591e-02
7.483744311402944216e-02
-3.244211322036234801e-02
-4.057292003777633366e-04
-6.619014598503031310e-04
9.446325681560967865e-05
-5.371365414763209362e-03
-2.081968737831750137e-03
-5.158250823006153840e-02
2.455512594930276998e-04
1.568746652407090522e-04
6.757680096292249198e-04
6.582854169900310970e-02
1.142666085546249419e-02
-1.152122708656907676e-02
-6.725385036216392689e-04
-3.532014890128704889e-04
3.699696827617888865e-04
2.830341426695945350e-02
1.448913378577285915e-01
1.193272875614786489e-02
-9.310033477976545986e-05
-8.897718678118433575e-04
7.990557574254984188e-05
5.039102711609361185e-02
2.363594793507481640e-01
-1.195814703657299173e-02
-4.089457760795187601e-04
-1.571763142955403918e-03
4.004361810212924105e-04
-5.226364522718209699e-02
3.245527149472280520e-02
1.911690771525992663e-02
4.282958346442549465e-04
-9.004419487163710411e-05
-7.348337854803829424e-05
-1.333179134957917372e-02
-6.790144559678579217e-02
4.168919495965497241e-02
7.473552564089518536e-05
4.671058877900571209e-04
-5.583205971719018340e-04
-2.145810466823169435e-02
-4.207844285095716647e-02
-4.302599946031624399e-03
1.985177518061043470e-04
4.413830818315472881e-04
-7.423898534701191319e-05
-6.169781450738787837e-02
-1.121868763886974957e-01
3.040968504957088439e-02
1.201802735158425886e-04
7.152926420311629023e-04
-8.205072522384651373e-05
-5.854056728796607628e-02
-1.744678559805653562e-01
5.205718050361176491e-02
4.570689754583042818e-04
1.185308783710703256e-03
-5.284735095852126840e-04
9.079728985712939848e-02
-1.128357461739102757e-01
-3.312277218835854142e-03
-4.852761813033697582e-04
7.390087594920553837e-04
-2.399295665644666925e-06
-7.381819613475880740e-03
5.181053046555225000e-02
-4.008254737871251583e-02
1.887864094816217922e-04
-3.517419363747984243e-04
3.653958387151274266e-04
-3.005000346755177035e-02
4.409971063243146167e-02
-7.352870790391878575e-02
1.996919955670841177e-04
-2.834329341141872795e-04
3.995532481136824599e-04
-1.173621300951948644e-02
7.046793734342021720e-02
-2.663760434940167995e-02
9.840756662554567291e-05
-6.094073110079987208e-04
2.247610886139192606e-04
4.756613463507624456e-02
5.428072610731883574e-02
2.532140516150202525e-02
-2.207001039061077554e-04
-3.793837956522674425e-04
2.497288869822510799e-05
-1.593860975665524829e-02
4.233369187161317021e-02
-4.505537838449793359e-02
9.532991389526925680e-05
-1.453540683435694287e-04
3.206160047967783933e-04
-1.930799055788898428e-03
3.168361810968566786e-03
2.443894984820539282e-02
8.546098309580385868e-05
1.024084551725960114e-04
-1.335953338198301471e-04
-2.127179863969948584e-02
3.256884201033023729e-02
-3.990292812100214304e-02
1.109574326560958341e-04
-3.845385977032435851e-04
2.378106160758009717e-04
7.460045487677319231e-02
-4.546152903139574070e-02
-4.481822542541775978e-02
-4.898878145190256259e-04
4.533518653341938437e-04
3.175389683346984716e-04
-1.212624401363603110e-02
-1.297585402620533013e-01
-1.780381345869902834e-02
-1.817022861464783953e-05
1.034488947364502458e-03
8.874460423025301993e-05
4.015130626911850992e-02
-9.175744238406339376e-03
-3.866920128695808256e-02
-2.929551823920431087e-04
2.234522909432568873e-04
1.674597080259070927e-04
1.640829953487559292e-02
-1.500005020662079948e-02
-3.770696333275831008e-02
-5.213379434303057195e-05
-7.831203099192952748e-05
1.855994171120673212e-04
7.717626342589714410e-03
3.252403517365064917e-02
-7.607072037912577470e-04
5.099108619671126785e-05
-4.801162675178045078e-05
-8.965990453716832839e-05
-5.852353005492635929e-02
5.396670806890963012e-02
8.427062786776275127e-02
4.250989754955959233e-04
-5.528626123767214819e-04
-5.748878973636751752e-04
2.777416381465893855e-02
1.170914273731166882e-01
-1.766932149361496313e-02
-1.570838515413201504e-04
-7.727057535867541379e-04
2.587956537666293521e-04
-6.942466556866254065e-03
2.101086772640897368e-02
-4.512558590160137620e-03
5.958017072518143747e-05
-3.670264673402496756e-04
8.384614695084237378e-05
1.497483423124402677e-03
-1.109299859334377317e-02
5.447165900636386643e-02
-2.064944751518342926e-04
2.487457737234946478e-04
-3.219580299246658367e-04
5.360929208143265512e-02
-8.034184985606304674e-02
-5.494876592091851170e-02
-5.014510656774732057e-04
3.737664607712368517e-04
4.471304582031224270e-04
-1.425936817482545459e-03
-1.127612543739219264e-01
-1.897949330921243905e-01
1.491803238122854111e-05
8.658884606860809590e-04
1.337305360232317721e-03
-7.511040358088914848e-02
-8.471049882618421345e-02
5.455300734769111953e-02
5.263154097538758677e-04
5.486564893220027437e-04
-5.596677449566098746e-04
-2.104883775967061194e-02
-3.592226920681976937e-02
1.596577674719976137e-01
1.738856640279325268e-04
4.589724487213833835e-04
-1.028960624209963870e-03
-6.389653358239057168e-02
4.721325388479952201e-02
-7.453520732590501741e-02
3.403758420945235809e-04
-4.972436793280527638e-04
4.750268872091657551e-04
2.177430732066975780e-02
1.610871757367167700e-01
-4.930418533938707437e-02
-6.581486118618341764e-05
-1.133818197900220929e-03
3.292743807303782737e-04
1.305970067517268351e-01
1.323881606159289237e-01
7.348309200312369560e-02
-9.501564959473067290e-04
-8.867424182188390512e-04
-5.812971475738005524e-04
9.033521202104458081e-02
1.083574686099099543e-01
3.958497501982392343e-03
-6.764452044518193177e-04
-8.309299358941760671e-04
1.088178841155436051e-04
-8.421476118137989630e-03
3.248209746764362665e-02
-1.666844992729704378e-01
8.041410472583194883e-05
-2.542484057057199914e-04
9.944848988335673774e-04
-3.225691638048164972e-02
-1.732932414508459029e-02
6.251215695555634166e-02
-1.423423236734912857e-05
2.194123327146323946e-04
-3.562105140402003047e-04
-9.495733228331480758e-02
-1.474978724248906248e-01
7.034656857110439809e-02
6.077794923317320465e-04
1.080680847316219670e-03
-3.409723320636701138e-04
-1.728451409865550403e-01
-1.253595475226190747e-01
-1.271052481948940424e-02
9.864035680613081249e-04
9.970243609966769963e-04
2.971865032371565464e-04
-9.930459097510470345e-02
-2.140992714833064511e-02
-5.547074424772842349e-02
8.264822661403806951e-04
4.015431369037881929e-04
3.914156700790749014e-04
-2.331734521228583101e-02
3.004883080074485444e-02
9.402937482355196164e-02
1.041283637885745173e-04
-2.563772896072069379e-04
-4.978971862188456485e-04
-1.939666412620253202e-02
1.545262753362940632e-02
-4.539494858381785958e-02
3.968729691295001111e-05
3.566998625588540487e-05
3.276891595072382412e-04
-1.136798743734727599e-02
7.633850723778547176e-02
-3.093431100271203452e-03
6.195755858896727993e-05
-4.453854462959791960e-04
-2.526139651692856553e-05
-1.329055038464427643e-02
1.460908451016245946e-01
1.235267170086306286e-02
2.021122087738536522e-04
-1.120005546220893475e-03
-2.338643926257985139e-04
-1.653162674981450628e-02
2.383598381597003268e-02
-1.041429021549801189e-03
2.189161499426466940e-04
-3.211216502633153116e-04
-1.101423769893488129e-04
2.949823577339797179e-02
2.604463336411409757e-02
1.377962187784163330e-02
-1.202263201325073872e-04
3.594198796914762072e-05
-3.205025438288603779e-04
