# Field 1: timestamp (UT)
# Field 2: Mean electric field (mV/m)
# Field 3: Real-time electric field (mV/m)
# Field 4: Total electric field (mV/m)
1191974400 0.000000000000e+00 -2.853327730033e-03 -2.853327730033e-03
1191974700 0.000000000000e+00 -2.510521767607e-03 -2.510521767607e-03
1191975000 0.000000000000e+00 -8.192793403749e-04 -8.192793403749e-04
1191975300 0.000000000000e+00 2.529820433208e-03 2.529820433208e-03
1191975600 0.000000000000e+00 6.250310647135e-03 6.250310647135e-03
1191975900 0.000000000000e+00 8.416667665247e-03 8.416667665247e-03
1191976200 0.000000000000e+00 5.208644608254e+00 5.208644608254e+00
1191976500 0.000000000000e+00 1.823982876563e+01 1.823982876563e+01
1191976800 0.000000000000e+00 1.582067243759e+01 1.582067243759e+01
1191977100 0.000000000000e+00 9.249902971054e+00 9.249902971054e+00
1191977400 0.000000000000e+00 1.713510883006e+01 1.713510883006e+01
1191977700 0.000000000000e+00 1.162867977912e+01 1.162867977912e+01
1191978000 0.000000000000e+00 4.929605980243e+00 4.929605980243e+00
1191978300 0.000000000000e+00 1.244395790342e+01 1.244395790342e+01
1191978600 0.000000000000e+00 7.763289961336e+00 7.763289961336e+00
1191978900 0.000000000000e+00 -3.967436988064e+00 -3.967436988064e+00
1191979200 0.000000000000e+00 -8.674958829355e+00 -8.674958829355e+00
1191979500 0.000000000000e+00 -1.072117922591e+01 -1.072117922591e+01
1191979800 0.000000000000e+00 -1.005704154654e+01 -1.005704154654e+01
1191980100 0.000000000000e+00 -9.456086570180e+00 -9.456086570180e+00
1191980400 0.000000000000e+00 -7.962362082285e+00 -7.962362082285e+00
1191980700 0.000000000000e+00 -7.055798224273e+00 -7.055798224273e+00
1191981000 0.000000000000e+00 -5.760880136005e+00 -5.760880136005e+00
1191981300 0.000000000000e+00 -5.020706379311e+00 -5.020706379311e+00
1191981600 0.000000000000e+00 -4.054793916808e+00 -4.054793916808e+00
1191981900 0.000000000000e+00 -3.518504295687e+00 -3.518504295687e+00
1191982200 0.000000000000e+00 -2.828083463251e+00 -2.828083463251e+00
1191982500 0.000000000000e+00 -2.453486438060e+00 -2.453486438060e+00
1191982800 0.000000000000e+00 -1.964653663727e+00 -1.964653663727e+00
1191983100 0.000000000000e+00 -1.705426750180e+00 -1.705426750180e+00
1191983400 0.000000000000e+00 -1.362849400462e+00 -1.362849400462e+00
1191983700 0.000000000000e+00 -1.186652925374e+00 -1.186652925374e+00
1191984000 0.000000000000e+00 -9.461856793827e-01 -9.461856793827e-01
1191984300 0.000000000000e+00 -8.245025558268e-01 -8.245025558268e-01
1191984600 0.000000000000e+00 -6.555961479246e-01 -6.555961479246e-01
1191984900 0.000000000000e+00 -5.726550312923e-01 -5.726550312923e-01
1191985200 0.000000000000e+00 -4.534658923344e-01 -4.534658923344e-01
1191985500 0.000000000000e+00 -3.946694504995e-01 -3.946694504995e-01
1191985800 0.000000000000e+00 -3.071112461973e-01 -3.071112461973e-01
1191986100 0.000000000000e+00 -2.644422001850e-01 -2.644422001850e-01
1191986400 0.000000000000e+00 -2.039350580594e-01 -2.039350580594e-01
1191986700 0.000000000000e+00 -1.775059174670e-01 -1.775059174670e-01
1191987000 0.000000000000e+00 -1.379619798062e-01 -1.379619798062e-01
1191987300 0.000000000000e+00 -1.239365854918e-01 -1.239365854918e-01
1191987600 0.000000000000e+00 -9.963922143739e-02 -9.963922143739e-02
1191987900 0.000000000000e+00 -9.017349626334e-02 -9.017349626334e-02
1191988200 0.000000000000e+00 -7.042884841070e-02 -7.042884841070e-02
1191988500 0.000000000000e+00 -6.266664937806e-02 -6.266664937806e-02
1191988800 0.000000000000e+00 -4.856723563720e-02 -4.856723563720e-02
1191989100 0.000000000000e+00 -4.281418706319e-02 -4.281418706319e-02
1191989400 0.000000000000e+00 -3.193829043196e-02 -3.193829043196e-02
1191989700 0.000000000000e+00 -2.710298507296e-02 -2.710298507296e-02
1191990000 0.000000000000e+00 -1.836146794271e-02 -1.836146794271e-02
1191990300 0.000000000000e+00 -1.424964607981e-02 -1.424964607981e-02
1191990600 0.000000000000e+00 -7.361334867086e-03 -7.361334867086e-03
1191990900 0.000000000000e+00 -4.368677230698e-03 -4.368677230698e-03
1191991200 0.000000000000e+00 -9.453538039495e-04 -9.453538039495e-04
1191991500 0.000000000000e+00 -4.999420325348e-04 -4.999420325348e-04
1191991800 0.000000000000e+00 5.198042619834e+00 5.198042619834e+00
1191992100 0.000000000000e+00 1.822214861541e+01 1.822214861541e+01
1191992400 0.000000000000e+00 1.580524799447e+01 1.580524799447e+01
1191992700 0.000000000000e+00 4.041331035832e+00 4.041331035832e+00
1191993000 0.000000000000e+00 -1.100212616189e+00 -1.100212616189e+00
1191993300 0.000000000000e+00 -4.187940976525e+00 -4.187940976525e+00
1191993600 0.000000000000e+00 -4.321868638751e+00 -4.321868638751e+00
1191993900 0.000000000000e+00 -4.694725263202e+00 -4.694725263202e+00
1191994200 0.000000000000e+00 -3.862999643080e+00 -3.862999643080e+00
1191994500 0.000000000000e+00 -3.688307294846e+00 -3.688307294846e+00
1191994800 0.000000000000e+00 -2.877289551441e+00 -2.877289551441e+00
1191995100 0.000000000000e+00 -2.663328949982e+00 -2.663328949982e+00
1191995400 0.000000000000e+00 3.157562562935e+00 3.157562562935e+00
1191995700 0.000000000000e+00 1.634433377626e+01 1.634433377626e+01
1191996000 0.000000000000e+00 1.437982773439e+01 1.437982773439e+01
1191996300 0.000000000000e+00 2.729902309607e+00 2.729902309607e+00
1191996600 0.000000000000e+00 -2.089714351379e+00 -2.089714351379e+00
1191996900 0.000000000000e+00 -5.100320100229e+00 -5.100320100229e+00
1191997200 0.000000000000e+00 -4.999450762183e+00 -4.999450762183e+00
1191997500 0.000000000000e+00 -5.319429125480e+00 -5.319429125480e+00
1191997800 0.000000000000e+00 -4.329455963174e+00 -4.329455963174e+00
1191998100 0.000000000000e+00 -4.130991835830e+00 -4.130991835830e+00
1191998400 0.000000000000e+00 -3.211726984953e+00 -3.211726984953e+00
1191998700 0.000000000000e+00 -2.980935493986e+00 -2.980935493986e+00
1191999000 0.000000000000e+00 -2.276769603064e+00 -2.276769603064e+00
1191999300 0.000000000000e+00 -2.099109998952e+00 -2.099109998952e+00
1191999600 -2.505660852440e-02 -1.586815461421e+00 -1.611872069946e+00
1191999900 -1.016412366523e-02 -1.464865714770e+00 -1.475029838436e+00
1192000200 6.079808007935e-03 -1.101057396632e+00 -1.094977588624e+00
1192000500 2.360940705659e-02 -1.021324472813e+00 -9.977150657564e-01
1192000800 4.234355310283e-02 -7.631214379722e-01 -7.207778848694e-01
1192001100 6.218734695331e-02 -7.109958295000e-01 -6.488084825467e-01
1192001400 8.303370866629e-02 -5.292853717845e-01 -4.462516631183e-01
1192001700 1.047650023434e-01 -4.994497979457e-01 -3.946847956022e-01
1192002000 1.272546784291e-01 -3.722982375481e-01 -2.450435591190e-01
1192002300 1.503689243388e-01 -3.521772830439e-01 -2.018083587052e-01
1192002600 1.739683143167e-01 -2.604270220071e-01 -8.645870769045e-02
1192002900 1.979094495373e-01 -2.473327822761e-01 -4.942333273875e-02
1192003200 2.220465796192e-01 -1.828426690052e-01 3.920391061398e-02
1192003500 2.462331969065e-01 -1.739395165536e-01 7.229368035285e-02
1192003800 2.703235951004e-01 -1.234948820915e-01 1.468287130088e-01
1192004100 2.941743840780e-01 -1.136572842543e-01 1.805170998237e-01
1192004400 3.176459530302e-01 -7.682354124369e-02 2.408224117865e-01
1192004700 3.406038743711e-01 -7.208145409640e-02 2.685224202747e-01
1192005000 3.629202412266e-01 -4.868515284235e-02 3.142350883842e-01
1192005300 3.844749316918e-01 -4.770300131398e-02 3.367719303779e-01
1192005600 4.051567934550e-01 -3.131319330864e-02 3.738436001464e-01
1192005900 4.248647428228e-01 -3.113652699155e-02 3.937282158312e-01
1192006200 4.435087726388e-01 -2.128775448246e-02 4.222210181564e-01
1192006500 4.610108640691e-01 -2.396986895837e-02 4.370409951107e-01
1192006800 4.773057977264e-01 -1.819490271830e-02 4.591108950081e-01
1192007100 4.923418601265e-01 -2.055234509932e-02 4.717895150272e-01
1192007400 5.060814420009e-01 -1.825694760657e-02 4.878244943943e-01
1192007700 5.185015255384e-01 -2.333596104185e-02 4.951655644965e-01
1192008000 5.295940581889e-01 -2.296940994799e-02 5.066246482409e-01
1192008300 5.393662112281e-01 -2.412461609771e-02 5.152415951304e-01
1192008600 5.478405218587e-01 -1.983552725578e-02 5.280049946029e-01
1192008900 5.550549182027e-01 -1.897895531903e-02 5.360759628837e-01
1192009200 5.610626271228e-01 -1.626508983297e-02 5.447975372898e-01
1192009500 5.659319653904e-01 -1.612875066073e-02 5.498032147296e-01
1192009800 5.697460153009e-01 -1.383415771216e-02 5.559118575887e-01
1192010100 5.726021864104e-01 -1.220442277274e-02 5.603977636377e-01
1192010400 5.746116656372e-01 -9.561434666219e-03 5.650502309709e-01
1192010700 5.758987585302e-01 -9.610948687378e-03 5.662878098428e-01
1192011000 5.766001250576e-01 -9.217554200041e-03 5.673825708575e-01
1192011300 5.768639137997e-01 -8.963229232798e-03 5.679006845669e-01
1192011600 5.768487989525e-01 -7.199999903235e-03 5.696487990492e-01
1192011900 5.767111939307e-01 -6.864544785152e-03 5.698466491456e-01
1192012200 5.765639534801e-01 -7.534754688176e-03 5.690291987919e-01
1192012500 5.765018792557e-01 -8.816059863438e-03 5.676858193922e-01
1192012800 5.766114508401e-01 -9.273802061593e-03 5.673376487785e-01
1192013100 5.769701561470e-01 -1.060631960341e-02 5.663638365436e-01
1192013400 5.776458949826e-01 -1.184872655463e-02 5.657971684280e-01
1192013700 5.786964582757e-01 -1.066707321617e-02 5.680293850595e-01
1192014000 5.801690851065e-01 -5.652441904130e-03 5.745166432024e-01
1192014300 5.821000992761e-01 1.427061510300e-03 5.835271607864e-01
1192014600 5.845146267628e-01 8.304225739966e-03 5.928188525028e-01
1192014900 5.874263950171e-01 1.355051216160e-02 6.009769071787e-01
1192015200 5.908376146417e-01 2.193036932491e-02 6.127679839666e-01
1192015500 5.947389436052e-01 2.738786154212e-02 6.221268051473e-01
1192015800 5.991095337334e-01 2.266890544989e-02 6.217784391833e-01
1192016100 6.039171588267e-01 1.478965169683e-02 6.187068105236e-01
1192016400 6.091184233519e-01 7.890323741278e-03 6.170087470932e-01
1192016700 6.146590502712e-01 3.507640282933e-03 6.181666905541e-01
1192017000 6.204742461840e-01 2.857961763724e-03 6.233322079477e-01
1192017300 6.264891415836e-01 5.511170733348e-03 6.320003123170e-01
1192017600 6.326193036645e-01 8.458704196041e-03 6.410780078605e-01
1192017900 6.387713187612e-01 1.054937518535e-02 6.493206939466e-01
1192018200 6.448434411595e-01 1.165693497977e-02 6.565003761392e-01
1192018500 6.507263046889e-01 1.255275752794e-02 6.632790622169e-01
1192018800 6.563036931970e-01 1.304421405501e-02 6.693479072520e-01
1192019100 6.614533657051e-01 1.280628440536e-02 6.742596501105e-01
1192019400 6.660479317699e-01 1.172989008753e-02 6.777778218574e-01
1192019700 6.699557723113e-01 1.046227350492e-02 6.804180458162e-01
1192020000 6.730420009307e-01 9.867024711700e-03 6.829090256424e-01
1192020300 6.751694605195e-01 1.026896638711e-02 6.854384269066e-01
1192020600 6.761997497634e-01 9.093570738694e-03 6.852933205021e-01
1192020900 6.759942739701e-01 6.761166035508e-03 6.827554400056e-01
1192021200 6.744153144965e-01 5.281133295973e-03 6.796964477925e-01
1192021500 6.713271109234e-01 3.950100975531e-03 6.752772118989e-01
1192021800 6.665969500200e-01 1.480331115701e-03 6.680772811357e-01
1192022100 6.600962554649e-01 6.607963224344e-05 6.601623350971e-01
1192022400 6.517016722318e-01 1.194144826258e-03 6.528958170581e-01
1192022700 6.412961395261e-01 2.288840281704e-03 6.435849798078e-01
1192023000 6.287699461510e-01 2.493831373346e-03 6.312637775243e-01
1192023300 6.140217622104e-01 2.609214846897e-03 6.166309770573e-01
1192023600 5.969596411034e-01 3.180984904763e-03 6.001406260082e-01
1192023900 5.775412611179e-01 4.569957967857e-03 5.821112190858e-01
1192024200 5.558952476677e-01 4.295038585417e-03 5.601902862531e-01
1192024500 5.322077935870e-01 2.057024265083e-03 5.342648178521e-01
1192024800 5.066828492750e-01 -3.081375091681e-04 5.063747117658e-01
1192025100 4.795407281349e-01 -2.334087827274e-03 4.772066403076e-01
1192025400 4.510166050115e-01 -4.069913068302e-03 4.469466919432e-01
1192025700 4.213589171885e-01 -5.920414378235e-03 4.154385028103e-01
1192026000 3.908276779528e-01 -6.591372479845e-03 3.842363054730e-01
1192026300 3.596927131406e-01 -3.691007093947e-03 3.560017060466e-01
1192026600 3.282318314346e-01 8.834005530780e-05 3.283201714899e-01
1192026900 2.967289394931e-01 2.655847238373e-03 2.993847867315e-01
1192027200 2.654721132522e-01 5.090607939875e-03 2.705627211920e-01
1192027500 2.347516369523e-01 6.759718552446e-03 2.415113555048e-01
1192027800 2.048580216021e-01 8.453152263216e-03 2.133111738653e-01
1192028100 1.760800146986e-01 8.592883985848e-03 1.846728986844e-01
1192028400 1.487026130821e-01 5.694518938321e-03 1.543971320204e-01
1192028700 1.230050908070e-01 1.612589083831e-03 1.246176798909e-01
1192029000 9.925905386253e-02 -1.340666807830e-03 9.791838705470e-02
1192029300 7.772653347751e-02 -3.330954673930e-03 7.439557880358e-02
1192029600 5.865812959334e-02 -4.365181267645e-03 5.429294832569e-02
1192029900 4.229121588431e-02 -3.683185091549e-03 3.860803079276e-02
1192030200 2.884821745347e-02 -2.480866965122e-03 2.636735048834e-02
1192030500 1.853497202811e-02 -1.783409352690e-03 1.675156267542e-02
1192030800 1.153918512857e-02 -2.223241858549e-03 9.315943270017e-03
1192031100 8.028989284777e-03 -2.572406327742e-03 5.456582957034e-03
1192031400 8.151616930944e-03 -2.165768595445e-03 5.985848335499e-03
1192031700 1.203219611988e-02 -1.732237503136e-03 1.029995861675e-02
1192032000 1.977267766730e-02 -1.536691962705e-03 1.823598570460e-02
1192032300 3.145090176454e-02 -1.313945132349e-03 3.013695663220e-02
1192032600 4.711981148802e-02 -9.598620219220e-04 4.615994946610e-02
1192032900 6.680681998696e-02 -4.545496869490e-04 6.635227030001e-02
1192033200 9.051333745077e-02 1.114039296172e-04 9.062474138038e-02
1192033500 1.182144632453e-01 7.884947197518e-04 1.190029579651e-01
1192033800 1.498588478670e-01 1.900315417300e-03 1.517591632843e-01
1192034100 1.853687285968e-01 4.145334951298e-03 1.895140635481e-01
1192034400 2.246401419468e-01 5.832142418764e-03 2.304722843656e-01
1192034700 2.675433151818e-01 5.741297359962e-03 2.732846125417e-01
1192035000 3.139232383705e-01 5.191093413288e-03 3.191143317838e-01
1192035300 3.636004175822e-01 4.759894238052e-03 3.683603118203e-01
1192035600 4.163718089891e-01 4.140582691418e-03 4.205123916806e-01
1192035900 0.000000000000e+00 2.665669541667e-03 2.665669541667e-03
1192036200 0.000000000000e+00 1.598036040961e-03 1.598036040961e-03
1192036500 0.000000000000e+00 1.649248752242e-03 1.649248752242e-03
1192036800 0.000000000000e+00 1.827265776126e-03 1.827265776126e-03
1192037100 0.000000000000e+00 1.885201011388e-03 1.885201011388e-03
1192037400 0.000000000000e+00 1.652360430476e-03 1.652360430476e-03
1192037700 0.000000000000e+00 1.400493575067e-03 1.400493575067e-03
1192038000 0.000000000000e+00 1.217574599643e-03 1.217574599643e-03
1192038300 0.000000000000e+00 6.824901201315e-04 6.824901201315e-04
1192038600 0.000000000000e+00 8.278076327880e-04 8.278076327880e-04
1192038900 0.000000000000e+00 9.839324147397e-04 9.839324147397e-04
1192039200 0.000000000000e+00 1.335728825307e-04 1.335728825307e-04
1192039500 0.000000000000e+00 5.196758988456e+00 5.196758988456e+00
1192039800 0.000000000000e+00 1.822212347603e+01 1.822212347603e+01
1192040100 0.000000000000e+00 1.580453800477e+01 1.580453800477e+01
1192040400 0.000000000000e+00 9.237695493113e+00 9.237695493113e+00
1192040700 0.000000000000e+00 1.712053186064e+01 1.712053186064e+01
1192041000 0.000000000000e+00 1.161696281613e+01 1.161696281613e+01
1192041300 0.000000000000e+00 -2.756614221855e-01 -2.756614221855e-01
1192041600 0.000000000000e+00 -5.786686845773e+00 -5.786686845773e+00
1192041900 0.000000000000e+00 -8.043108550165e+00 -8.043108550165e+00
1192042200 0.000000000000e+00 -8.001939320573e+00 -8.001939320573e+00
1192042500 0.000000000000e+00 -7.564569504684e+00 -7.564569504684e+00
1192042800 0.000000000000e+00 -6.524217149530e+00 -6.524217149530e+00
1192043100 0.000000000000e+00 -5.731069596539e+00 -5.731069596539e+00
1192043400 0.000000000000e+00 -4.758807440693e+00 -4.758807440693e+00
1192043700 0.000000000000e+00 -4.092000170056e+00 -4.092000170056e+00
1192044000 0.000000000000e+00 -3.354643789886e+00 -3.354643789886e+00
1192044300 0.000000000000e+00 -2.868482397352e+00 -2.868482397352e+00
1192044600 0.000000000000e+00 -2.342786358062e+00 -2.342786358062e+00
1192044900 0.000000000000e+00 -2.003011262709e+00 -2.003011262709e+00
1192045200 0.000000000000e+00 -1.633653172261e+00 -1.633653172261e+00
1192045500 0.000000000000e+00 -1.401673266064e+00 -1.401673266064e+00
1192045800 0.000000000000e+00 -1.146853597189e+00 -1.146853597189e+00
1192046100 0.000000000000e+00 -9.863656716798e-01 -9.863656716798e-01
1192046400 0.000000000000e+00 -8.031777893481e-01 -8.031777893481e-01
1192046700 0.000000000000e+00 -6.842342619428e-01 -6.842342619428e-01
1192047000 0.000000000000e+00 -5.532295980231e-01 -5.532295980231e-01
1192047300 0.000000000000e+00 -4.741370963315e-01 -4.741370963315e-01
1192047600 0.000000000000e+00 -3.833607694718e-01 -3.833607694718e-01
1192047900 0.000000000000e+00 -3.321912272795e-01 -3.321912272795e-01
1192048200 0.000000000000e+00 -2.734389928531e-01 -2.734389928531e-01
1192048500 0.000000000000e+00 -2.389051844682e-01 -2.389051844682e-01
1192048800 0.000000000000e+00 -1.966686162527e-01 -1.966686162527e-01
1192049100 0.000000000000e+00 -1.730226874221e-01 -1.730226874221e-01
1192049400 0.000000000000e+00 -1.440713791234e-01 -1.440713791234e-01
1192049700 0.000000000000e+00 -1.259912742914e-01 -1.259912742914e-01
1192050000 0.000000000000e+00 -1.019860134881e-01 -1.019860134881e-01
1192050300 0.000000000000e+00 5.112818803464e+00 5.112818803464e+00
1192050600 0.000000000000e+00 1.816237620776e+01 1.816237620776e+01
1192050900 0.000000000000e+00 1.575325617882e+01 1.575325617882e+01
1192051200 0.000000000000e+00 9.194496891779e+00 9.194496891779e+00
1192051500 0.000000000000e+00 1.708798441647e+01 1.708798441647e+01
1192051800 0.000000000000e+00 1.159031665584e+01 1.159031665584e+01
1192052100 0.000000000000e+00 -3.032063687705e-01 -3.032063687705e-01
1192052400 0.000000000000e+00 -5.814775860738e+00 -5.814775860738e+00
1192052700 0.000000000000e+00 -8.073796969342e+00 -8.073796969342e+00
1192053000 0.000000000000e+00 -8.030624166817e+00 -8.030624166817e+00
1192053300 0.000000000000e+00 -7.592677654699e+00 -7.592677654699e+00
1192053600 0.000000000000e+00 -6.549827792822e+00 -6.549827792822e+00
1192053900 0.000000000000e+00 -5.755203514749e+00 -5.755203514749e+00
1192054200 0.000000000000e+00 -4.780637495013e+00 -4.780637495013e+00
1192054500 0.000000000000e+00 -4.112410907808e+00 -4.112410907808e+00
1192054800 0.000000000000e+00 -3.371369778874e+00 -3.371369778874e+00
1192055100 0.000000000000e+00 -2.880367390672e+00 -2.880367390672e+00
1192055400 0.000000000000e+00 -2.349268754412e+00 -2.349268754412e+00
1192055700 0.000000000000e+00 -2.005602985080e+00 -2.005602985080e+00
1192056000 0.000000000000e+00 -1.631991951000e+00 -1.631991951000e+00
1192056300 0.000000000000e+00 -1.394034209840e+00 -1.394034209840e+00
1192056600 0.000000000000e+00 -1.132945746916e+00 -1.132945746916e+00
1192056900 0.000000000000e+00 -9.685476026810e-01 -9.685476026810e-01
1192057200 0.000000000000e+00 -7.854240145913e-01 -7.854240145913e-01
1192057500 0.000000000000e+00 -6.719629337209e-01 -6.719629337209e-01
1192057800 0.000000000000e+00 -5.439239747392e-01 -5.439239747392e-01
1192058100 0.000000000000e+00 -4.643094713508e-01 -4.643094713508e-01
1192058400 0.000000000000e+00 -3.728628479989e-01 -3.728628479989e-01
1192058700 0.000000000000e+00 -3.179328671161e-01 -3.179328671161e-01
1192059000 0.000000000000e+00 -2.546229798755e-01 -2.546229798755e-01
1192059300 0.000000000000e+00 -2.171063879548e-01 -2.171063879548e-01
1192059600 0.000000000000e+00 -1.725779748920e-01 -1.725779748920e-01
1192059900 0.000000000000e+00 -1.474355337326e-01 -1.474355337326e-01
1192060200 0.000000000000e+00 -1.178398760854e-01 -1.178398760854e-01
1192060500 0.000000000000e+00 -1.020859787676e-01 -1.020859787676e-01
1192060800 0.000000000000e+00 -8.318850740120e-02 -8.318850740120e-02
