# Mean fit:
# N_phi = 9
# N_t = 6
# N_season = 5
# N_euvac = 2
# N_tau = 3
#
# Stddev fit:
# N_phi = 3
# N_t = 6
# N_season = 5
# N_euvac = 2
# N_tau = 3
-7.757095571744383744e-02
2.894914274349877359e-02
-4.038874739178639761e-02
1.435808968445548696e-04
-4.960961958373231529e-04
-1.502677264626462947e-04
2.002109952142111862e-02
-1.765410594007844891e-01
1.620664182119271601e-01
-6.246165209622965607e-04
1.256338208953633332e-03
-1.108139901556739158e-03
-2.627321898491125074e-01
2.160037129315630355e-01
-2.153288636784974133e-02
1.652436534872465728e-03
-1.697618196372952968e-03
-2.127354767283568253e-04
-4.488802489401033657e-02
9.794912782189628409e-02
-8.336189257432904953e-02
4.644641121518178792e-04
-9.839620022266738243e-04
6.665910317045993560e-04
3.589820479846811234e-03
2.516297607967060701e-01
-4.123329765342499567e-04
4.462222001028903914e-04
-1.716990633088011104e-03
-4.549400985842039832e-04
7.224808530498076642e-02
-1.974231298767004650e-01
3.517031475399407664e-02
4.471075150839389617e-04
8.406570898438135665e-04
-1.324621087920852241e-04
-1.445725401082326167e-01
1.070018942279456348e-01
-1.333434366974104723e-01
1.027639336350978216e-03
-1.015641447795246916e-03
1.089345421210115208e-03
2.249361658924287355e-01
-1.163754234736796567e-01
7.534988268186314231e-02
-1.591525246216757370e-03
8.269412028034891539e-04
-4.588501646080151656e-04
-5.307285086832441018e-02
-9.763832578297798603e-02
1.323714038856070863e-01
-5.139343227145828019e-05
7.244393095788297012e-04
-1.185375373467449905e-03
2.639267512291788853e-02
-2.069829861512988700e-01
1.092089038123761485e-01
-2.678400403347986356e-04
1.557025404580581135e-03
-6.711592041705550854e-04
5.895277823512377058e-01
-1.476511829120023302e-02
-1.601895933580023135e-01
3.908099152365406264e-04
-2.757321720862080175e-04
8.170213981550350068e-04
1.944594023891307033e-01
-3.209409200652470207e-02
1.631429821270797415e-02
-1.478806814610092533e-03
5.037617060234041589e-04
-5.279069292888237050e-04
-1.022286948383005142e-02
-5.312082329625909122e-02
-2.580877866693826461e-01
1.192739011996830998e-03
1.653301502278622861e-04
1.357742020308958615e-03
1.552558902107715189e-01
1.075651223816555951e-01
-3.318507133584033264e-01
-7.138374192168787024e-04
-1.066417387731835630e-03
2.302988265846447457e-03
-2.812728522302391787e-01
1.322951468076341841e-01
-2.647083349797611507e-01
1.224890364555777673e-03
-9.689029833490434701e-04
1.561174974502231106e-03
2.127443898858940030e-01
-1.175319372699153847e-03
1.977689366679336314e-01
1.508904415834611901e-03
-4.048927273777483231e-04
-1.198101549856383325e-03
-1.583498304108824917e-01
-5.961139471790932731e-02
4.505233118537341902e-02
1.401540802053503204e-03
-8.337418032256700977e-05
8.515380459123615502e-05
1.939983744942545552e-01
4.940885794939570835e-02
2.336715579394441911e-01
-1.914645691291916698e-03
-7.203893090695534691e-04
-1.652680506315158540e-03
-9.543129883779159772e-02
-1.257847169053572245e-01
2.407846284727917230e-01
5.944116662088656192e-04
1.034838958799406570e-03
-1.571556484648262272e-03
3.538829538759366566e-02
-9.856955063074487877e-02
1.405812492852966111e-01
6.537432438787254879e-05
6.044473592617779145e-04
-1.034554561121698397e-03
1.241293442019337501e-01
-4.878959824781779059e-02
-2.349099564116277974e-02
1.010084743757715424e-03
-1.904296072795817806e-04
6.837514562596198138e-05
7.385874984007885502e-02
1.700306409808587382e-01
4.133950598933851250e-02
-7.153933342651713550e-04
-1.152600630094292649e-03
-7.097827266893262828e-04
-2.988279626549987245e-01
-1.084692203439562297e-01
-2.601201581916513517e-01
1.780627741057014485e-03
4.984778698307631810e-04
1.571805950454070386e-03
1.061007667666536008e-01
1.658354569111520072e-01
-1.778576509053010346e-01
-8.954509659947837300e-04
-1.576113652529631971e-03
1.162150696534876250e-03
1.557970314842967996e-01
9.365578251260971154e-02
-1.142791649826377931e-01
-1.289874479321127159e-03
-8.025878649567726609e-04
5.279819116691009551e-04
-5.635231389454528617e-02
-2.587034078287465261e-02
-3.968985321839125363e-02
1.761160976599283976e-03
-1.590929196657981607e-04
5.570845417161851554e-04
7.363884760518328576e-02
-9.869158316339439463e-02
-8.868409381494160582e-02
-3.684728552454776874e-04
4.238597892382587945e-04
1.066433727041635107e-03
1.372383458244312293e-01
-1.389131717219123929e-01
2.411831558617625049e-01
-1.493984234996295494e-03
9.327558053175780952e-04
-1.912116300724333402e-03
-2.982950359914138608e-02
-1.737157307315777555e-01
7.122821995721213828e-02
1.490667464635138297e-04
1.714424156898365376e-03
-6.585556199465469104e-04
2.594688145300993315e-02
6.941464896861559986e-02
1.012938332399706542e-01
-4.421639730539225679e-04
-5.902515791427147664e-04
-6.503302762600541827e-04
-7.504309184370608343e-02
1.090383137357784360e-01
-1.019173437569491185e-02
2.318439634553826089e-04
-7.121668183031552423e-04
-9.426692207969582281e-05
3.395723877814519481e-02
4.862888571161084333e-02
-1.989496446743442906e-02
-2.714297916575790157e-04
-8.208192857852107118e-05
7.603538567899299815e-04
-2.321602757991045596e-01
6.359515238341883168e-03
-8.658010538484135765e-02
1.824884294355606654e-03
2.136082326783146363e-04
4.259331818344304636e-04
7.983224294376345398e-02
7.791766614486850262e-02
3.313683776970587913e-01
-4.573296758626006655e-04
-7.372802269514861298e-04
-2.331946131058029118e-03
-1.266800756386650961e-01
6.486013572892367074e-02
5.974924995744677197e-02
9.384896729557903015e-04
-2.151986108277522249e-04
-5.904105132924016724e-05
-2.074744149331761781e-02
-1.484971259030016810e-01
-5.212424717501255855e-02
3.230174456729604376e-04
9.997372633201075803e-04
3.688295688785679931e-04
-4.057548918854810005e-02
-9.774949739200916587e-02
8.953120139401354871e-02
2.556533447488968020e-04
6.237770421886215753e-04
-6.648022867081375192e-04
1.779213277408623339e-01
3.208421384351380079e-02
8.517095963156187666e-02
-1.757291297344492145e-03
-3.035968061760049115e-04
-3.974819193966756922e-04
-1.643406868247975633e-02
-9.412995275457292088e-02
-2.833814951860268438e-01
1.972854544151857431e-04
8.393985825758575525e-04
1.842489396255491416e-03
1.328707264769495300e-01
-2.945062232286870321e-02
8.227159534094799498e-02
-1.071142394709932678e-03
3.906825028877893919e-05
-6.722730370570988503e-04
5.480944009774012943e-02
7.586402579339687757e-02
3.476204905646368415e-02
5.308653339933264246e-04
-5.230935913959136596e-04
-4.308435070089601873e-04
5.756108797516344688e-02
8.421619045819704608e-02
-3.152042385716962575e-02
-2.196335807091714801e-04
-6.202944290729067289e-04
-2.376327990365627362e-04
-9.339264747495108765e-02
1.923216560820572851e-01
-1.700685214169090492e-02
1.046484649165342878e-03
-1.365268196162057295e-03
-7.480354637097656029e-05
1.999948258031176429e-01
1.543926645752644600e-01
1.712255859400336755e-01
-1.210264786031448872e-03
-1.512348725591678269e-03
-1.344526129040437157e-03
-2.561929400397478518e-01
-4.913258477077619285e-02
-1.934693310735590421e-01
1.022279492669688535e-03
5.491092815926370023e-04
1.416937225011981110e-03
9.195548051102346576e-02
-6.944989607705133461e-02
4.496339305186349000e-02
-1.002890638224872814e-04
5.419679809337236498e-04
-3.177148553542523532e-04
9.200777276363718629e-03
-9.178112428705894124e-03
-1.602306227292952245e-01
-4.590134518250176443e-04
1.234347272458206771e-04
1.666708435437827757e-03
8.702968994116319634e-02
-2.443327387234461301e-01
-7.628329205675668523e-02
-1.744438767724196997e-03
2.128842445919654214e-03
8.125062120613845687e-04
-1.233740891729420835e-01
-1.917482726063077514e-01
-2.360505743634547238e-01
7.131368818910629537e-04
1.839244748720639602e-03
1.955493927196984977e-03
2.582955544219016075e-01
-6.323211150991152329e-02
2.372718197134735807e-01
-1.352967651685144058e-03
-2.924016363321928517e-04
-2.006209493623540164e-03
-7.276466954861345038e-02
7.402040887187445739e-02
-1.176198619347637447e-01
5.865974608086923191e-04
-5.892715084119618798e-04
5.614696837746614450e-04
-8.435938479085933195e-02
-6.554358732950973931e-02
2.047290128091181771e-01
1.455911271558759529e-04
5.498075165073463633e-04
-2.239220540821182208e-03
-1.767819825320453286e-01
3.161844943947547115e-01
2.525865101381729039e-01
2.304385776264353952e-03
-2.200169226796787163e-03
-2.430507770964890173e-03
-4.426988789910753230e-02
3.314265865435792602e-01
4.203678766051987536e-01
5.873072807962911868e-04
-2.838567067774436410e-03
-3.456853809154794999e-03
-2.400728461035730732e-01
1.447688167464513120e-01
-1.787007689382619502e-01
1.633896851517489465e-03
-7.821357843851020012e-04
1.685535874241751199e-03
-1.475928739408859623e-02
-1.330490920644328279e-02
-1.690806487547962325e-02
2.676970199326584514e-04
1.328171251651984393e-05
2.874411606674311158e-04
2.357585749469699454e-01
1.032385039684204607e-02
-1.728591558397956085e-01
-1.435317747195580121e-03
-2.527835397196951739e-04
1.909960211565853855e-03
2.754055217515192777e-01
-4.710240655288154277e-01
-6.120070434599918924e-02
-2.104588274835386338e-03
3.593672711364880208e-03
7.544309754154999428e-05
-2.074506927909324297e-02
-3.294240664756558634e-01
-1.610853198194215907e-01
9.954504516917076829e-05
2.959013963799441219e-03
1.185785203708428345e-03
1.912441626851000553e-01
-2.570271951153564882e-01
3.055361675641424940e-02
-1.574912038045788668e-03
1.371076147439652870e-03
-4.719131027813462794e-04
-1.634394701374642933e-01
-6.643385318477981749e-03
-6.861452618144649185e-02
4.830717345701968351e-04
-7.657828347370080929e-05
5.347550803080732733e-04
-5.028381298984269804e-03
-2.087793697694315664e-01
1.860030879402912660e-02
5.595873240997650995e-04
1.587634545922244787e-03
-7.971656592521538865e-05
2.481943737859321208e-02
-1.947388059767433399e-01
-9.712002886168008553e-02
3.614161543711023644e-04
1.211748089695083297e-03
7.276614801627552575e-04
-1.010476693391380576e-01
1.876379045145614988e-01
-1.133012294816224119e-02
2.978795869895634811e-04
-1.549604948870836503e-03
7.472457922658604524e-05
-1.361395759385857773e-01
1.069166271897039888e-01
-1.116251493298771186e-01
1.145843376542776031e-03
-4.790978205430198667e-04
9.979504085967571755e-04
-3.964235074877882348e-02
-2.738715421340544992e-02
1.847236621816659638e-02
-1.851678286048726745e-04
3.444524385641237391e-04
-5.102168842815101805e-04
1.298148269370195118e-01
4.115722839995273469e-02
1.190521256517047682e-01
-9.369974914591700866e-04
-3.795932412363838514e-04
-1.023433539639862552e-03
5.203900214235510774e-02
3.905265036580132798e-02
2.772952890822657016e-02
-3.796597311717463770e-04
-1.879616562947805365e-04
-1.186906619464427856e-04
9.793862461927708984e-02
-8.605712953159622147e-02
-9.893109479973541398e-02
-3.451172812468661106e-04
9.170552655896159000e-04
8.989536416363966536e-04
6.127307219684068051e-02
-6.952110860205115705e-02
-1.139125590601818561e-01
-3.061887406413329213e-04
6.619756595748132544e-04
4.624476655246181618e-04
-1.516543453461040580e-01
-6.601187295788077392e-02
-4.158909470885821524e-02
5.072849522131011105e-04
3.221497538758875869e-04
5.567428887231287704e-04
-8.840575085802993005e-02
2.439302055857987261e-01
-2.803754582936484607e-01
1.270159040177371284e-03
-1.734620523955640028e-03
2.096010972546144026e-03
-2.149609010680876009e-01
2.468206428254498749e-02
4.107343187344018182e-02
8.464089846773000837e-04
-2.490574784734750444e-04
-9.102613466318957040e-04
-1.625857458456277937e-01
-3.090260959508359800e-02
8.705810203966737881e-02
7.811483952021182732e-04
-1.381886218731962748e-04
-8.261425638981695655e-04
3.168349277009410714e-02
-5.124385534159484057e-02
2.209908770023031876e-01
-3.096559223712947286e-04
2.757958555162501389e-04
-1.239743907184282954e-03
1.187432331922391587e-01
7.340271867599573730e-02
3.628315169621128267e-02
-6.431826511883853960e-04
-5.137313145123093353e-04
-4.372837409358621514e-04
8.550845272167190148e-02
-2.445645707825491177e-01
1.632123918583766042e-01
-1.429563002190023351e-03
1.754850769609903873e-03
-1.029875745575626602e-03
9.512069655406700519e-02
2.099850805782165972e-02
-1.052717149135372066e-01
-8.087430909956196817e-04
-1.157456308747490992e-04
1.340894801998654580e-03
1.664044048108118679e-01
-3.643694567570997245e-02
-1.504299534242437841e-01
-1.320600957249022135e-03
6.435385514492083766e-04
1.318897392999179722e-03
2.721907501334934129e-02
8.847916563340238461e-02
-1.848805846121592267e-01
1.121188001472360251e-04
-3.071848090060223346e-04
8.915201440651896033e-04
1.725253685896911042e-03
-2.291547680212093277e-02
-3.734422711718893978e-02
-3.006552452530717850e-05
1.498759159815879938e-04
3.759406157873066258e-04
-1.271077330751590184e-01
5.772859289419837031e-02
-2.559129674425607015e-01
9.793754677367009272e-04
-5.206102338150506723e-04
1.659453918236894693e-03
-7.913077865344715633e-02
-7.270111643684198932e-02
1.647964180061015083e-01
1.650567663028171782e-03
4.943275477202680379e-04
-2.002584995143803694e-03
-2.211391059882363563e-01
-7.905365039993952903e-02
2.664865342322471631e-01
1.947316684816987557e-03
3.842936371743138147e-04
-2.310461809832356321e-03
-1.278177073523359408e-02
-4.239504716775429477e-02
1.779226197463989675e-02
-8.741878404430219367e-04
1.366845893563085283e-04
1.497363033868416679e-04
1.194735038607982885e-01
-9.320968900819880110e-02
1.412193010965003513e-02
-8.552079538285495362e-04
6.190170944064595643e-04
-6.865789935224484732e-05
1.911062129069618712e-02
-5.625920734088809411e-02
2.328547302683288134e-01
-7.632781787613035496e-04
7.831146128498830484e-04
-1.937395263485096981e-03
-4.024858027785533504e-02
1.072994311482250718e-01
-6.649233821003755485e-02
1.406611135183874397e-03
-9.560645197139561830e-04
4.643502711680811920e-04
4.595975835835378054e-02
1.486705921293740226e-02
7.108528899815702573e-02
-5.939993531862987049e-06
-3.715280314723076001e-04
-3.440541836043996379e-04
-9.916537638915159936e-02
-1.293156463326344818e-01
-4.838036523345532608e-02
5.764230639342807824e-04
1.134420506362037936e-03
1.212899594476266773e-04
1.010973635442237867e-01
1.287339329984319401e-02
5.696596403631153105e-02
-4.681997320106258149e-04
6.116880174265206136e-06
-4.519117294317880735e-04
-1.092643103250474576e-02
-4.891698070735857329e-02
6.247704560517676475e-02
-2.107433731424068570e-05
6.386667086293990568e-04
-1.774850301197248149e-04
1.206277762891478228e-01
-8.889673256792184064e-02
4.454049354495729501e-03
-9.736504761060109023e-04
4.899533717467458027e-04
-1.444022925686692474e-06
1.511728473127293623e-02
2.120877830926120866e-01
-2.628271224909154921e-02
-6.830613525547151561e-05
-1.768490011623471015e-03
6.693812044833898089e-05
1.760543727470744724e-01
-3.838109113201638306e-02
-1.135250500506952177e-02
-1.324814108427336233e-03
4.661548133158555638e-04
-1.382695607446340761e-04
7.264297073968570273e-02
4.577696500393589607e-02
5.691188433273950374e-03
1.256938850848921408e-04
-2.164959076824662508e-04
-1.763373675103207825e-05
-2.697271535860013697e-02
-7.701968765782649974e-03
-7.904251557623449831e-02
9.137022854379527211e-05
-5.137509918676086412e-05
4.632919579113222645e-04
5.722854795021740937e-02
4.125482013540537896e-02
6.447946178530343520e-02
-1.839587805699741249e-04
-3.480544871904011793e-04
-3.193010338485192273e-04
-1.782448864747830999e-02
-2.972882460581848310e-02
1.194229498614238494e-01
-1.176099211392235371e-04
6.001116131523803916e-04
-9.280931937086303596e-04
-2.077546044148181892e-02
-9.166577073557355057e-03
1.861229223061926577e-02
3.328383812039996956e-04
6.952985496307538429e-05
-1.741381459059204958e-05
-4.680639245764631196e-02
-6.980990122243356522e-02
-5.683916760656941092e-04
2.183968075691937146e-04
5.904181228489977905e-04
3.348817275467435754e-05
-1.322299774117408934e-02
6.928062425620941378e-02
5.665696934049993527e-02
6.690734080976333325e-04
-4.215410262689068036e-04
-4.031655636970783610e-04
-4.709868730134726678e-02
-3.078719116941106698e-02
-3.299064580406065733e-02
5.937067304312114435e-04
8.001664119584132331e-05
2.294465045338348345e-04
4.296807536172645575e-02
3.521294708713696570e-02
-9.382394176131768349e-02
-1.268685187635240326e-04
-4.011662302997170146e-04
7.548246868296202726e-04
1.742704473922356001e-01
-8.263688117309385406e-02
-1.160433396009265955e-02
-9.097482839293213972e-04
3.589904379874773446e-04
-1.002855584313825223e-04
-1.071294774681400969e-01
9.308039697765328746e-02
2.730308355604532666e-02
2.953236776362839502e-04
-7.756790906038108424e-04
-2.779236435638854667e-04
-5.297469073841783865e-02
-8.722025576624484189e-02
2.769437451436758055e-02
3.252360684237919834e-04
5.221132077552464307e-04
-1.339127059538270000e-04
-7.953497903566091043e-02
8.090959893087024124e-02
1.994858674842653334e-02
1.072857795218147737e-04
-3.781075411767796353e-04
1.293913456839151899e-04
-7.810134575425441150e-02
1.155748879087679509e-01
1.374244887941986626e-01
5.387828776051315979e-04
-4.857659016301344671e-04
-8.613944080303377344e-04
-1.411688354179989613e-01
1.157332618216408470e-03
4.958286304486163310e-02
6.555313620922021377e-04
1.536617701504328255e-04
-9.491180639597446343e-05
-6.289760127703396264e-02
-4.740783875795710062e-02
5.672799231994717778e-02
1.415471981428684104e-04
4.118053621457132166e-04
-2.401294930184024747e-04
7.831783358409799556e-02
1.494396495649295831e-01
-9.723435092476720443e-02
-3.720902590463266496e-04
-1.171194542428572512e-03
7.058390254041939284e-04
-1.056645724004480202e-01
-2.223438548386705987e-02
-2.439818859055361763e-02
2.088752611025376435e-04
1.953556129418033537e-04
1.169568622802431488e-04
-2.165641588389972602e-02
-1.392134671562603454e-01
-2.168646047047216308e-01
2.697139566633874894e-04
8.593240738106656560e-04
1.678770617721415254e-03
9.006280093399850195e-02
-5.263911524186637436e-02
5.225837932632380195e-02
-8.388751014856881197e-04
1.690103351926510161e-04
-3.231329489964284872e-04
-3.440965346165304056e-02
-4.005749206012602232e-02
-4.440933466822657993e-02
3.288569152603327845e-04
2.159239322091205783e-04
2.798947075886600152e-04
-3.517658709386120575e-02
-1.597720873740331726e-01
1.447294805304940313e-01
9.820892933660714617e-05
1.327342994347197914e-03
-1.003302543621761075e-03
-1.992572642509907437e-03
1.203255960898542282e-01
1.277371870297045742e-01
-4.400455252768622279e-04
-1.377543961479878523e-03
-4.089467897955761455e-04
3.250095998032653116e-02
1.230504179999725861e-01
1.468516727252903165e-01
-3.847162361410042734e-04
-1.167000981961606931e-03
-1.071374651760302566e-03
-1.931960015116078455e-02
2.289959010933662747e-02
2.134180307156836529e-02
1.528074062883423003e-04
1.350017428712038323e-04
7.483053272537992264e-05
3.509110931583492299e-02
-6.445181889425041777e-02
4.395829116747557164e-02
-5.342365834204171196e-04
5.185399217310177273e-04
-3.129166378906714338e-04
-2.782342045397218772e-02
-5.226937703465671381e-02
-8.350128096383682696e-02
-6.486699819490361813e-05
2.363212797001119512e-04
4.047405434774331459e-04
1.552035218503267366e-01
-7.636762648163490652e-02
1.663838621030665488e-01
-1.362560916682259904e-03
7.930689631432953331e-04
-1.109414763289246885e-03
-2.746354111674956244e-02
1.794675988182294415e-02
-1.497398345592447499e-01
3.357317251610895167e-04
4.143740746574954640e-05
1.047748457291577690e-03
1.613309859868234108e-01
-2.775699087490035924e-02
6.608671366899356026e-02
-1.356235491767968484e-03
4.415092050780665390e-04
-4.173361060684397067e-04
-5.462394788672773199e-02
9.207314142073820887e-03
-2.804690538249726001e-02
2.601143055714566846e-04
-1.905537938836702994e-04
-6.249298999122498142e-05
-8.186707962176810460e-02
7.843781141950119384e-02
-7.442652695092513183e-03
3.557522094090489443e-04
-3.205641196471877897e-04
1.046757236296450119e-04
-1.709993810088524663e-02
1.548967154667002799e-01
-7.600775035313732386e-02
2.553856011317136429e-04
-1.290210411003834016e-03
4.673275541886568450e-04
-4.766845158939915506e-03
-6.058854272787259770e-02
1.051758616192595003e-01
-1.999143731962654054e-04
1.287388008889555908e-04
-9.127193925077163117e-04
-1.558772869297889718e-01
-2.390226815118671674e-02
-1.733882158413499464e-02
1.089767202879685223e-03
-2.805178912772159555e-05
-2.226247592701825490e-04
3.878479973171659184e-02
-3.461246951172075592e-02
-1.477255354623694533e-02
-5.129083842731923300e-04
3.185895925093766134e-04
2.842499862584321637e-04
7.041926330624470945e-03
-7.934402575747467878e-02
4.637401835443939052e-03
-4.835117937481440482e-05
5.897852665240956591e-04
2.165090576230005383e-04
1.131184922004784404e-01
-7.346310899910239722e-02
7.988286665628867300e-02
7.884881479970165551e-05
8.612320947424811912e-04
-5.817006812860063330e-04
1.689907193717671008e-01
1.297146347664387689e-01
-1.652826313238149880e-01
-1.200942491053392375e-03
-4.045306317542723268e-04
1.254050458040194141e-03
1.985225189750589592e-01
9.579159330641057180e-02
-4.410372396466393646e-03
-1.216722266981830683e-03
-8.116750848892486086e-04
3.726724700704265930e-04
2.015686241188659189e-02
3.023108197067278860e-02
-1.164293797683236056e-02
-8.301175316464886136e-05
-2.098730063092651369e-04
-1.249975510157885620e-04
-1.449493363490142739e-01
4.165322013071354884e-02
1.762389513459102636e-02
1.205686733375887229e-03
-1.445230784420534968e-04
-3.412318976254297143e-04
-2.444498050610845533e-02
1.191334715290577051e-01
-5.206952551604847323e-02
1.464716410166804243e-04
-7.675851914547241351e-04
5.165158857350430873e-04
-2.749015662736967736e-01
-1.104991144882997850e-01
1.179329660211168723e-01
2.102649512942987835e-03
4.808056896706604808e-04
-9.637817656145861948e-04
-1.418927118393953357e-01
-6.063660460016809250e-02
5.473745164970618415e-02
9.289032955851091438e-04
3.651492877565031925e-04
-6.250522589587463379e-04
-8.784591645119815828e-02
-9.439143057264551273e-03
2.374663332695754140e-03
2.288363232067742537e-04
2.757526768454940792e-04
5.591881111436477656e-05
1.066801163307664890e-01
-5.722401162793709639e-02
-2.733983815925795924e-02
-9.403743245534377333e-04
1.924686901919995283e-04
5.171678236102093471e-04
1.801526336740129075e-01
3.687474824089353315e-02
-8.208011746753693383e-02
-1.672348908709464163e-03
-8.474980232759854915e-05
5.714663135768589981e-04
3.613785277601392898e-01
1.892501970077496154e-01
-1.255175275974982629e-01
-2.942288834168588305e-03
-8.659888691807531317e-04
1.242585318568033108e-03
2.289861779239441564e-01
1.534204184722006955e-03
-2.175858310483936783e-02
-1.233621072851649909e-03
1.259421367470083106e-04
6.698941576759875893e-04
1.805030001518405716e-02
-1.017760086278408178e-03
3.785706418159034969e-02
-6.626659871577271152e-05
-2.104918215538522524e-05
-4.045448644235549881e-04
-1.639318923530237171e-01
2.339984352830299097e-01
-2.457668065495736617e-02
1.527586941868324917e-03
-1.733368167153229297e-03
1.638417449277313083e-04
-1.791527425438159959e-01
2.042135555641073630e-01
1.143943096504173446e-01
1.194885640691588889e-03
-1.505616666980986269e-03
-7.443693981067847762e-04
-8.683740001666034880e-02
-2.533115964212328056e-02
2.089566645332041270e-02
1.111650948950143342e-03
-3.046513355069567107e-04
-2.158445519347297202e-04
-8.372361517271185993e-02
1.394081602801371458e-02
2.561038306452719654e-02
4.896529317350690157e-04
4.489078660023071676e-05
-3.197761164779124618e-04
-4.460265483473229570e-02
8.416679505999544175e-03
-7.864797109280560750e-02
-8.184364869696591723e-05
-1.549950941281269263e-04
3.006071798489297385e-04
-7.176692522317414114e-02
3.527729412087690641e-02
-4.030181287724352718e-02
5.017940781512162524e-04
-1.884152779988366425e-04
3.616416340193285227e-04
-2.133792884441529022e-02
-2.295678332489111406e-01
-1.091403672512882284e-01
-1.195843766999450805e-05
1.874748405439158674e-03
1.204928658761024972e-03
1.352623898531305768e-01
-3.449328118702416762e-02
8.247132547474247954e-02
-1.045202690909012577e-03
6.208614446622354220e-04
-6.273361390592105836e-04
6.319792923419217945e-02
-5.315032775557654299e-02
-1.970765057648695140e-01
-5.361878651092928313e-04
6.498519224076983007e-04
1.174068146423264472e-03
-1.044540440054803621e-01
4.870622610313644039e-03
3.472128576616012596e-02
4.686455578574256283e-04
5.009874684870309407e-05
1.376276604937750792e-05
-7.100849892683083753e-02
-3.093112762501156257e-02
-3.031285602989952296e-02
5.029797053281701881e-04
6.280554574171063112e-05
2.280975208369461849e-04
2.145146544537191238e-02
1.747618929283215883e-01
1.137340600356307185e-01
1.106415877358255028e-04
-1.250927278734320115e-03
-1.284602935817226368e-03
-5.323299402286126719e-02
1.996145470862775717e-01
-5.973840907473516176e-02
4.035448208106976061e-04
-1.569008701866609744e-03
3.398808081396970668e-04
7.404228165688062080e-02
-3.136029606089909411e-02
1.866365800894244920e-01
-5.566958617840803581e-04
5.227628051429475457e-05
-1.056088118936166637e-03
-4.830763271184758748e-03
2.476331665802948209e-02
4.760434536018438162e-02
-3.756872511340274561e-04
-4.382856192417572188e-04
-6.086014652855938631e-04
2.664952335630290520e-02
2.960763353381263077e-02
-4.015163995698874805e-02
-4.426967092567310556e-04
1.107434991602298938e-04
2.655534633933083954e-04
1.698414676147729230e-01
-1.959974418025089149e-01
-2.136369994543184936e-01
-1.149311164516974345e-03
1.350446826432684377e-03
1.901540443178394981e-03
7.290316827094257823e-02
-1.756814370726264563e-01
9.866454974179653115e-02
-4.411810269460477861e-04
1.411761517666734224e-03
-4.829782307340879871e-04
-2.203080472662313216e-01
9.868645575703276218e-02
-1.405226323042192693e-01
1.455664441148773938e-03
-8.141786352331351192e-04
6.620462725249531355e-04
-2.530602672888190505e-02
-1.991003395243215457e-02
-1.190915339309356613e-01
-4.251096227528202440e-05
3.686759319656938028e-04
1.166252931557055670e-03
7.464782446032519614e-02
-6.937203414367594523e-02
7.186845176660799916e-02
-5.884976625059269630e-04
1.717590869534458880e-04
-4.576384875815262183e-04
-1.908257038136850769e-01
1.345252396311431842e-01
1.913633513835535094e-01
1.161016267700561329e-03
-8.950531946895079341e-04
-1.603350147355887823e-03
-5.438123878924971955e-02
8.479535622140439710e-02
3.833912887848816425e-02
4.323140039523147614e-04
-6.533495097016424466e-04
-3.186690536815999040e-04
1.247898173318321424e-01
-3.486338269638920156e-02
7.581340945907261153e-02
-1.000288996676226795e-03
5.549017009384049799e-04
-4.555684823935893203e-04
-2.313841129811044714e-02
3.198562390315344561e-02
5.412484503471068353e-02
2.100899759923813964e-04
-3.588793145987544814e-04
-7.208535299643100986e-04
1.322785355834971491e-02
7.852286457988487400e-02
-1.165392714583146083e-01
7.076781553167975326e-05
-5.235859024130132613e-04
7.650738981782107461e-04
1.204823732121977770e-01
-1.299944282960039110e-01
-1.310934870148325326e-01
-8.033536084896699238e-04
9.268497477722513348e-04
1.124180180247663381e-03
1.094602961893282045e-01
-1.195952596039275562e-01
6.359284537085735378e-02
-7.895916166150719053e-04
8.959020728263327078e-04
-4.132714036582718414e-04
-5.369926576643049843e-02
8.412342731131727813e-02
-1.037960578692084662e-01
5.614213165869311401e-04
-8.658765979454175876e-04
7.452713322837861394e-04
1.462304377059229100e-03
-9.537130189511765221e-03
-2.136800662026649977e-02
1.203552170656248152e-04
1.263835209131191305e-04
3.007308278049621400e-04
-4.641043899457966693e-02
-3.166628846323688712e-02
1.060963044352787044e-01
3.189975987200252268e-04
2.232376760221113816e-04
-7.599170034637593718e-04
-1.598286384053791143e-01
1.104358802569801734e-01
2.519810708741107921e-02
1.122051818613588586e-03
-6.486054727078528022e-04
-3.378314354994142797e-04
-1.167396573174214192e-01
2.156017271508265873e-02
-7.876047372322621254e-02
1.068695013072840268e-03
-2.815255592683376675e-04
3.988349886077500626e-04
4.308717021242657041e-02
-6.241473364485357334e-02
2.717004247488336022e-02
-3.198621233232616179e-04
7.484725270154213468e-04
-3.777634206337780070e-04
-4.566378535975332970e-02
-2.290179857039047195e-02
-3.536838026143557939e-02
4.123843892779347170e-04
4.975876394853809677e-05
2.875248225210166766e-04
-2.499602051213180298e-02
8.918301255514914094e-02
6.924252412645402754e-02
1.157743294034590788e-04
-8.902343120329103080e-04
-6.924392306185153754e-05
-9.300420157666280940e-02
-6.255692260252093684e-02
-2.173096052175620962e-01
7.737723533221031735e-04
6.547608957019975971e-04
1.360018105011283470e-03
1.528467171422110554e-02
-9.631436329283497855e-02
2.026422623402593104e-01
-4.552319970632374128e-05
1.257085131687200440e-03
-1.373895153832046905e-03
1.302658909840265569e-02
-7.100083254452839443e-02
-1.207052105122173452e-01
2.736363384204529639e-04
4.662916960878490079e-04
8.837837571623948126e-04
-3.929070687012399879e-03
-2.774443172533739774e-02
-4.914389776788141012e-02
1.042426688659747280e-04
5.110496601395771903e-04
1.905124951688712601e-04
-1.396357963459264884e-01
-2.021342709134332088e-02
4.016723528954692368e-02
1.187143565625448484e-03
3.991687295002475737e-04
-8.871869558564025871e-04
5.095175349707115747e-02
-3.785087499066317612e-02
-5.173760892772241889e-03
-3.333367504598653067e-04
-5.404024186994130252e-05
2.407554828911438413e-04
1.486179463551474123e-01
1.441858346425021475e-01
-2.324901691179843410e-01
-1.216113451563488428e-03
-1.340323800908752114e-03
1.806575600354127457e-03
9.549621099967138538e-02
-7.305079324774502170e-02
-9.343849967716108540e-02
-6.643132461638397808e-04
5.073260191635529069e-04
6.864528797772656262e-04
7.553767120751829489e-02
3.146494044298447229e-02
-3.603672128294843971e-03
-1.807535158814740906e-04
-6.744736101290297421e-04
1.396284883523023348e-05
9.991894538966550332e-02
3.069934525533938793e-02
-2.011240039797316040e-02
-1.072479440791302861e-03
-4.202369216662327472e-04
6.033180734555700087e-04
-3.630066608109245446e-02
4.885609015687372714e-02
-2.277683376287701136e-02
4.410103784397457756e-04
-3.976444232814976240e-05
9.059055470118987637e-06
-1.454392266604879747e-01
-1.350529663962708182e-01
2.208721958632146876e-01
1.003819017676476797e-03
1.226267075352635658e-03
-1.787247803677396822e-03
-4.752052756162673114e-02
4.673769178129964091e-02
2.857087147296092852e-02
6.848961889123658360e-04
-2.391363561407522061e-04
-2.344219748490509948e-04
5.721183280630719181e-02
-1.605707226823038791e-02
4.843335036486760142e-02
6.453724644585217868e-05
4.469719915420011748e-04
-2.720947775589657421e-04
-1.005953305200823870e-02
2.355221809724134668e-02
8.023613699825414558e-02
3.297346184729184251e-04
-1.345456019225584206e-04
-9.972519322183417967e-04
-3.489976243645543513e-03
7.725182512995282247e-02
-7.269390133682444854e-02
-1.040579231199582644e-04
-6.672950338000249943e-04
6.574197047629663174e-04
1.500878579036441229e-01
1.377862575308624882e-01
-1.385920410930712166e-01
-1.115809068227262540e-03
-1.235967793345422051e-03
1.245706037573710489e-03
2.103498831685021719e-01
-1.255819218885487754e-01
4.374752276254116612e-02
-1.492278774064954372e-03
1.182478967451694321e-03
-1.730958365761444404e-04
6.494953531859312679e-02
1.348429828937462889e-02
-1.459031534549906466e-02
-1.213129998379069188e-04
-4.167420509875241551e-04
6.433528700421027374e-05
5.436912710823615935e-02
-2.464983106594336587e-02
-1.057122347228631742e-01
-4.067332221580211428e-04
1.469895774794724289e-04
8.686707772820886171e-04
-6.535073451073764028e-02
-2.095165815982066582e-01
1.017740117980780734e-01
1.943644319893907222e-04
1.375310081636752077e-03
-8.791459104662763865e-04
-1.623636734571797802e-01
-2.144583936345020314e-01
1.666996155064838503e-01
1.122691674476672744e-03
1.590723920838994733e-03
-1.523376115230375485e-03
-7.381859168345102085e-02
1.430711881018181808e-01
-4.393018125656568407e-02
6.809261093886574126e-04
-1.264890064715681883e-03
2.250984751578866344e-04
6.976718124928618647e-02
-2.620388746347184286e-02
-4.234800946355843365e-02
-7.696504808717823402e-05
3.049973361818594710e-04
3.341922011883656377e-04
-6.494782078142585791e-02
-3.729307952648557717e-02
1.184444489160762191e-02
4.324711070086443231e-04
3.730094773163092456e-04
-4.602354969686285358e-05
-1.199326947848067780e-02
1.115720549213923829e-01
-2.110148676333299667e-01
-1.600501286544657844e-04
-8.843807315974908535e-04
1.416190701436386519e-03
-5.296296351306208766e-03
7.325799048601852603e-02
-1.395583453359112991e-01
-1.482883300284300950e-04
-7.647037988375706774e-04
1.231862503064925021e-03
6.300030274080387072e-02
-5.020228544118637837e-02
-4.156913117105635880e-02
-3.733424818580424851e-04
5.916417508568264311e-04
9.024752060287433229e-05
-1.506507462285850731e-02
-7.381845109404444605e-02
-5.571509120248537006e-02
2.357567711368791755e-04
4.098013005648097509e-04
6.238806068572054888e-04
3.494060845857907376e-03
-3.527465154844109524e-02
1.022505561313879173e-02
2.503167987845406756e-04
4.646325691395922588e-04
4.330943580817390624e-05
3.754353641067741804e-02
-1.019020931658126683e-01
-6.931146666890095065e-02
-2.660548445435764004e-04
7.190401661594496979e-04
6.308016211885047759e-04
-1.092827842429146788e-02
7.142491337445773525e-02
-6.980118145656685757e-02
5.426571878221563521e-05
-5.784357171961704812e-04
5.344740278882011402e-04
1.516263221375060699e-01
-4.638401511242736669e-02
-8.557945667134118917e-02
-9.647127980354262096e-04
3.852615093419532949e-04
7.256117156523786416e-04
-7.054224798379427064e-02
-2.592812277196747048e-02
5.342918117333389505e-02
5.963074960840370441e-04
2.930340618073761253e-04
-6.933762338050791351e-04
2.746627332624981474e-02
-9.948865013250035930e-03
1.075738434258887051e-02
-2.994627734474260129e-05
2.714947993070315866e-04
-3.298982941495225748e-04
-5.170766528896453273e-02
-1.842060287998563417e-02
-3.597038868338152395e-02
2.846028958897626137e-04
1.521383890168416476e-04
2.733594999162352896e-04
7.620638553200397014e-02
1.842181259729594109e-02
1.108923847548291541e-01
-5.226488728891370708e-04
-1.877679918449962234e-04
-6.063309145588178682e-04
-1.998473476458962061e-01
-3.096354448983594174e-02
-8.011951380217686991e-02
1.560052394574142380e-03
1.040275238187451733e-04
5.603642474759381155e-04
1.085955460122317306e-01
5.743932099315631444e-03
-4.058686351371947054e-02
-6.777414206815534367e-04
-1.788718810879628594e-04
5.117780787014011411e-04
6.537974317799340185e-02
-4.150842737710892794e-02
-2.929744858875174551e-02
-3.045966360037068621e-04
-2.675895613312536574e-04
3.581266468028699505e-04
-1.041616769831645722e-01
6.265605347788076596e-02
-6.709313259152092923e-02
8.782996199938567384e-04
-6.333572196145002787e-04
4.640842435339152805e-04
-8.709796187934772116e-02
-1.395274861984808767e-01
-9.005205520119727303e-02
3.555855527611392203e-04
1.144401648549798253e-03
5.432434251358910123e-04
2.435599021759033422e-01
1.168481897256982115e-02
1.367403619267973658e-01
-1.867827706620320705e-03
2.008855843025908071e-04
-9.587290106373543485e-04
1.709682232097734650e-02
2.140829863553503007e-02
4.399245869083194538e-02
3.086587234084879096e-04
-8.184281355070287256e-05
-4.843946372014810032e-04
-2.939899099077287678e-02
5.861398266016525777e-02
-4.500555826675492650e-03
1.624912383390438812e-04
-7.422198890056888783e-05
-2.775484162573154203e-04
1.495422129793462854e-02
-2.053739619096361588e-02
1.198089671437147924e-01
-6.560659616334031706e-04
4.689159630429256577e-04
-8.506506704999545988e-04
2.983211888677134507e-02
7.989563515404717042e-02
1.022514205909179491e-01
-1.541514885440465482e-04
-7.542457507012424473e-04
-5.192851787961022449e-04
-1.154853337133729813e-01
-5.901577489436744123e-02
-1.673015105446076511e-01
1.089012918737071326e-03
2.047467117558141795e-04
1.275247261522552281e-03
9.027566342741397132e-02
-1.436070383896235342e-02
-4.854187474376545769e-02
-2.636053825664055102e-04
7.913697827887184670e-05
4.912390481640872787e-04
5.241181202083146362e-02
-3.436505828453095823e-02
8.251443091501008131e-02
-6.031040502375550330e-04
-6.239729583349357220e-05
-4.791670335195958056e-04
-6.752884897144816045e-02
1.261891083278740208e-02
-5.090652277097864817e-03
6.456227806655775309e-04
-2.868370387824391386e-04
-1.900914808530454849e-04
-4.783842880428865879e-02
2.842004242426660054e-02
6.437235284956076276e-02
2.049040793447139879e-04
-1.164915733382559064e-04
-7.724475256348086816e-04
1.187255990666975791e-01
7.473751557061476813e-02
1.726104903536579138e-01
-1.494151723269202545e-03
-3.440914452056250609e-04
-1.254811559975188822e-03
9.179203590881562791e-02
-3.010803840661475592e-02
3.446704940293305458e-02
-4.727173288143992594e-04
1.655872508661905042e-04
-3.930276996854390934e-04
-4.891553222741308604e-02
1.145961222491889697e-01
-3.789183535794018315e-02
1.057959905062477545e-04
-7.157336601551654229e-04
3.147398161881483406e-04
-1.669665203417297905e-01
-4.742672381372856766e-02
4.554831447704964925e-02
7.161690778656684556e-04
2.707582710745919845e-04
-3.995389612799592335e-04
-1.684232129071913881e-03
-1.529433139116441465e-02
-2.365310538736396101e-02
3.060271329386199130e-04
-3.320015385589471349e-05
3.721579544397282820e-04
-1.471107358729244752e-01
4.462501718168618292e-02
-1.532531627648649475e-01
1.002548734479204694e-03
-5.784644477353312287e-04
1.326581436840403114e-03
2.455119594489275220e-02
-3.412428286887243117e-02
-3.677994713613846195e-02
3.319566030956427665e-04
2.464327281035136124e-04
3.214376136706964451e-04
2.429820398721943553e-02
-2.555010555059721716e-02
7.996477525029356548e-02
-4.358344650802582830e-04
1.416961143116141769e-04
-6.400669421553499463e-04
6.475707959066985542e-02
1.644300175976949954e-02
5.657585786826540425e-02
-8.226401154785920999e-04
-3.801766239522151179e-04
-7.679651711612257197e-04
-7.968242063302626021e-02
2.669257948758567076e-02
2.526355614741957519e-03
7.750603223404774937e-04
-1.681388520437915551e-04
2.231577386975011493e-04
1.493667647614145555e-02
-2.867463634474589490e-02
1.880330084092099799e-02
-3.411345981298427371e-04
2.193684133970862072e-04
-2.518435021636543218e-04
1.029295862014466406e-01
-5.842086842953043979e-03
1.852830368389223048e-02
-3.554020360655662744e-04
1.260884963571844966e-04
-2.843039314758790868e-04
-1.259841304987345811e-01
-9.586359858656602617e-02
-1.357399594381729913e-01
7.128007720541823912e-04
8.998865138641719405e-04
7.334012138936970866e-04
-7.015496664590134546e-02
-9.235485667978816232e-03
1.110870758776594802e-01
3.782350818646973531e-04
1.054113914609526267e-04
-6.594767229400644607e-04
8.181716601559854696e-02
1.199678403245210689e-02
-4.997406250568414005e-02
-6.882162422423279344e-04
-2.047190993794569371e-04
1.089007091290427899e-04
-6.327444230946337178e-02
2.718659686786216098e-02
9.746537086544054818e-02
7.131389896730774185e-04
-4.858560006359455112e-04
-6.059925673413546357e-04
6.037288705152222407e-02
1.963339388001203358e-03
1.296824137274196417e-02
2.874432499810835413e-04
8.966562251403136072e-05
6.175420489993856078e-05
-2.021830775189105076e-02
1.502640739463138031e-01
1.872761780022269562e-01
-2.981698807944264192e-04
-1.405149664260613379e-03
-1.093807566920082302e-03
-1.941668208049299182e-01
7.446232291036263343e-03
-1.508831905786380267e-01
1.026041133566555274e-03
-7.464236037280407509e-05
1.117188763630263919e-03
2.756231961446214962e-02
-7.563476587809456197e-02
3.029899729189640400e-02
-1.255135414515444643e-04
7.316421017800282117e-04
-5.769086022409579086e-05
1.111780029256927566e-01
-1.485414107247631788e-01
-1.901083606547388297e-02
-9.043368188239384996e-04
1.342029327425585568e-03
1.249910050179862942e-04
1.108464428024235338e-01
6.290201216449835958e-03
-3.980109068252971755e-02
-4.105805961900666780e-04
-3.872325387659678964e-05
4.029777896317464109e-05
-1.043083264125103243e-01
-9.301295352006201667e-02
-1.604093057658880772e-01
3.656688905594969517e-04
1.000207460892654472e-03
9.709117025749880708e-04
6.109755457778836413e-02
2.283906106910249534e-02
1.328306581409269549e-01
-1.165598017634830339e-03
-8.883483484348731981e-05
-1.149684408705327820e-03
-3.187077636411026599e-04
9.978702713946896452e-02
2.561446299219494876e-02
1.012537415232461817e-04
-7.760063662177213873e-04
-2.640159166578114904e-04
-2.596205291063340415e-01
6.911692076021391795e-02
-1.704720435303620774e-02
1.568402129098528516e-03
-5.096090897911872411e-04
2.898558939198273162e-04
4.889367185272987942e-02
-3.498671712603064737e-03
7.807037215146983566e-02
-1.526460226137654763e-04
-4.011727530648881044e-05
-3.895662833487746634e-04
4.055557801742179502e-02
1.429968813171937636e-01
8.121693794189444038e-02
-6.086785714533607351e-04
-1.492599459251396513e-03
-5.173376150743488585e-04
-1.923016901190566785e-01
-9.812884346649373979e-02
-1.320011246665822591e-01
1.766877229094064930e-03
7.745908647336405099e-04
1.052840139459799594e-03
1.987465774963443482e-02
3.783519881771275906e-02
-3.551696933516467619e-02
-1.183912301598862384e-04
-3.304082951911997430e-04
3.210552063874845714e-04
2.334745123373047626e-01
8.145209516807171146e-02
1.707083066156341727e-02
-1.939113597165649299e-03
-9.416858034874645445e-04
-4.631059679945809813e-04
-2.845046328282251416e-02
2.420925823582427069e-02
-6.074835179035940197e-02
1.994955556671331289e-04
-7.806369504962993959e-05
3.018489857133624019e-04
3.404721979320111253e-02
-1.995429767229487533e-02
-1.253208685027123459e-01
-8.398884785087516985e-05
1.659361583989819107e-04
8.957324719773534626e-04
1.348624264126363770e-01
5.651975187417818125e-02
1.161037475099737926e-01
-1.483899367006760815e-03
-3.196069825563968700e-04
-1.021320178208515910e-03
4.682410776157481386e-02
1.948546026556146769e-04
5.334348162062415438e-02
-4.706341197056313603e-04
1.115268712224502372e-04
-4.693157103558500852e-04
-1.213178006299646811e-01
-1.814666113916876475e-02
-2.426597851496775649e-02
7.179489935928142982e-04
3.671495815104938287e-04
2.606163879758152386e-04
