# Mean fit:
# N_phi = 9
# N_t = 7
# N_season = 5
# N_euvac = 2
# N_tau = 3
#
# Stddev fit:
# N_phi = 3
# N_t = 7
# N_season = 7
# N_euvac = 2
# N_tau = 3
1.374522803503385598e-02
-1.598757115006806465e-02
-5.045155201990243928e-03
-2.731081885207817234e-05
1.427058630764246427e-04
5.946986066449661717e-05
7.350090190078821702e-03
-3.723540187433973300e-03
1.184976938275955800e-02
-4.560211495978093362e-05
3.262705332629845970e-05
-1.155078051766474871e-04
1.323390825953857201e-02
3.958604863929352543e-04
-3.203883818632331792e-02
-7.914234436865041238e-05
3.942474529708611864e-05
2.368239777799617800e-04
1.154804493801550157e-03
-8.936198110255958241e-03
-4.759431862070176260e-03
-1.718627272049410421e-05
7.194802223796226809e-05
4.740107489805937558e-05
-5.789496182592049432e-04
1.973195898188243730e-02
-1.835759768350656712e-02
-5.514659044133246742e-05
-1.473949673005267515e-04
1.039146393506617226e-04
-2.768301037410811349e-02
1.858021259591634625e-02
9.075270934342826931e-03
-9.384927735561300664e-05
-1.604767542071435427e-04
-1.022226492162297374e-04
-8.090103324458993925e-03
-4.742096269688459396e-03
-6.068619419441642583e-04
5.994559469012917505e-05
8.517599800879345243e-06
8.658155592865844424e-05
-1.386331192121692014e-02
2.060313046567771589e-03
2.673823345749296379e-02
3.794961037292100088e-05
-4.032732681645096541e-05
-1.933512698258448535e-04
4.845277567031480086e-04
1.298255399458809502e-02
4.069047548977085260e-03
2.349457816281723040e-07
-5.496070005157934336e-05
-3.822803633932435216e-05
1.207893080122837692e-02
-6.412095238797313121e-03
1.207708572181805801e-02
6.889239474739470139e-05
5.378510988384466613e-05
-9.979221421762770900e-05
2.536657093427410053e-02
-3.272630480738454584e-02
-1.445656752690796867e-02
1.014392768042141280e-04
1.311320474485237655e-04
1.042129311176502382e-04
3.643915568898834791e-04
1.153360737871050000e-02
-1.169845042408980493e-03
-3.392965554729937994e-05
-5.319576400416728488e-05
-6.264774975689553699e-05
1.867856298957279101e-02
-5.350419140657851173e-03
-2.850959121318032835e-02
-1.089412061150476973e-05
6.055446885701063300e-05
1.869040411961723396e-04
-3.084687938545771935e-03
-1.236376018494190869e-02
-3.028448376098459224e-03
-2.592164395639047109e-05
1.273441221649051577e-05
-1.121500444811021871e-05
-7.999127059424885125e-03
-4.311462275426891644e-03
-1.657869128804476469e-02
-1.180428871632984778e-04
3.601753200321233469e-05
1.383627009897047061e-04
6.326331863656155241e-02
1.126945472111180041e-02
2.232057300785419973e-03
4.229592597328885040e-04
-1.670609435752512344e-04
-3.776211840788312339e-05
5.461902834998189765e-03
-1.313410723326130861e-02
-9.679087474630702209e-03
-2.253157856474423125e-05
6.207758760161422539e-05
1.320524638674960523e-04
1.541144901878671938e-02
-5.979697690521680598e-03
2.589311006286059303e-03
2.011428496004241383e-05
-4.455756954994288029e-05
-8.089986863934202734e-05
-1.113890591604867197e-02
1.228572003021477510e-02
-2.332143530507197610e-02
1.528783141386292894e-04
-7.356930930828731608e-05
1.958946309732130823e-04
-4.584424812210423361e-02
4.791747178240768346e-03
-3.003769631706471304e-03
2.527196086238120377e-04
-2.640136996996600633e-05
-5.168687687149656229e-05
-3.671063181893873678e-02
-1.057955904519585627e-02
1.200564321521170770e-02
2.603123160511870769e-04
-3.495456845007693896e-06
-5.639116094226116202e-05
-2.678370051297912155e-02
2.643472189413613796e-02
1.131716046268885396e-02
2.166777871958800404e-04
-2.393208603155187817e-04
-1.190943200216770678e-04
3.389608344792616884e-03
-1.259466284226936315e-02
7.453931109742720565e-03
-1.396328646632148283e-04
5.515205354297811921e-05
-8.021103678885093183e-05
3.707407909606939139e-02
-8.395629547012596616e-03
1.564301894004865856e-02
-3.000932982592828600e-04
1.053520266468990397e-05
-1.328397559684676955e-04
4.739326611235315789e-02
1.936435555227900701e-02
-6.701212886235484965e-03
-3.411418081536049551e-04
-1.858390961067999888e-04
4.568250790519575978e-05
2.776445900468984315e-03
3.003219893016437821e-03
-6.590177334398258230e-03
1.101004938500380862e-04
-2.088674219437609345e-05
4.459548455049340034e-05
2.649571518339747384e-02
-1.980470987722535853e-02
-1.576238435166198507e-02
-1.923983692420972217e-04
1.816106303147161022e-04
1.386708534914058853e-04
-1.669068100371692148e-02
4.883580536881200300e-03
3.137364317051426145e-04
1.816164952347582896e-04
-6.334941602415884070e-05
8.837166069982029155e-06
-2.983807716272489363e-02
8.974568242360881840e-03
-7.502568305923287828e-03
2.708944137492948472e-04
-5.776217967570118395e-05
6.461790590633420886e-05
-2.583458602879130928e-02
-1.084692998545772578e-02
6.734509155192244106e-03
1.260675516262870183e-04
1.115176535664872488e-04
-3.049346102570368099e-05
-4.802098127686655715e-04
-7.228759461720494703e-03
1.310938833357343843e-03
-8.106929126764393439e-05
7.028583343146373055e-05
9.978615561056066452e-06
-1.737907803796878356e-02
4.485418942873215832e-03
1.968566735180114421e-02
1.434170883982375817e-04
-3.612322088081971734e-05
-1.673923578636878876e-04
1.350779892081328121e-02
-8.088978918609313756e-03
-3.842329790255890470e-03
-1.550741374153758985e-04
1.104379311859701290e-04
3.925710593401709938e-05
1.429392935118987962e-02
-1.179182336255628870e-02
-2.795543907776391543e-03
-1.181018867941319687e-04
9.329038941091576792e-05
1.382636360684714708e-05
1.065022389148611096e-02
-4.486071935394881022e-04
4.383873034076778662e-03
-4.500954263560469229e-05
8.103843657066782296e-06
-8.601448596786458937e-05
-3.684907008257862996e-03
3.369293867151679223e-03
-1.523535261017705837e-03
2.526264523303049767e-05
-1.808552958790758200e-05
1.689282882117842379e-05
3.121021372923034332e-03
-1.249531430124980504e-02
5.729781108689604822e-03
-1.056466477062003886e-05
8.120440630676670484e-05
-4.204938951740464892e-05
-5.464028652754305583e-03
2.148689170056935008e-02
-2.696398632895761864e-03
5.293116375422343657e-05
-1.588362799447666767e-04
-2.128316973393811101e-06
3.091281864569726551e-03
8.275891486295063743e-03
1.411350766264317554e-02
-1.695108430990939654e-05
-7.650697292007575053e-05
-1.331468879171549512e-04
-9.582715738484536006e-03
4.635202151093492477e-03
-1.448172999203263533e-02
6.206046946383474898e-05
-2.082376840489484854e-05
8.760606887050625003e-05
3.324141993305307005e-03
2.583341290500688892e-03
-1.288857039803535708e-03
-5.343646587456468255e-05
-2.323780669770326068e-05
2.098691148616931609e-05
2.423706129194467054e-03
2.500921949424738527e-02
-6.190826530183558482e-03
-4.908279792380042640e-05
-1.776506184287782750e-04
6.107919466225420044e-05
1.591975120629373144e-02
-2.169951842511158580e-02
2.453906491252210841e-03
-1.087335027959944727e-04
1.978259515479530053e-04
3.662835452641813978e-05
-8.756882100917828468e-03
-4.412215723374621960e-04
-1.785622122887679450e-02
4.558871181149527627e-05
3.989619860420316397e-05
1.861819295424108425e-04
2.487604908305503931e-02
-5.676599384441262733e-03
2.441272246162946163e-02
-1.828962667202210964e-04
3.358827199176699053e-05
-1.494011748861164544e-04
-1.523282176645886568e-02
5.961183088541874243e-04
-2.999947542413265548e-03
1.220655806400181264e-04
1.242631689787927497e-05
-8.618486075838292559e-06
5.389238049739696057e-03
-3.272841366353097109e-02
2.699598834868278605e-02
-3.104717407922508409e-05
2.232781660802024191e-04
-2.330219823924655842e-04
-1.033259537034028099e-02
3.467337363736180261e-02
9.188335396680902267e-03
1.238227179212286993e-04
-2.919701190173996258e-04
-1.127538848616249135e-04
1.382679651778872913e-02
-1.013183711071579535e-02
6.579923606535475165e-03
-4.758866992412980052e-05
3.132069546604353760e-05
-1.195179233373719075e-04
-2.436266263254717457e-02
1.029485166561496488e-02
-1.479254251580796806e-02
1.391816186980202735e-04
-4.862633720020548007e-05
1.169128011113515129e-04
6.347071598680504613e-03
-5.579560758898588187e-04
7.131938842303816965e-03
-6.589682767574633383e-05
3.208892187550117011e-05
-4.960154485395747181e-05
-6.919164319067346545e-03
4.140473742767419862e-02
-3.565902410134953043e-02
4.294024719585257203e-05
-2.909059770815772619e-04
2.950543620724665160e-04
1.599690926591491522e-02
-1.506204516815435983e-02
-9.581004010636055140e-03
-2.333882694985111358e-04
1.907914482127764336e-04
1.193848376928872051e-04
-4.118464041888912977e-03
2.315208182796251249e-02
-7.072499993170624187e-03
-1.011911840579327683e-05
-1.355474230810274551e-04
9.526968549356800852e-05
2.347108020321533872e-02
-1.864570621373749792e-02
1.880221629635212346e-02
-2.378777540832497273e-04
6.575704392944440636e-05
-1.686372392742782253e-04
-1.126501139555860856e-02
5.431414383418283094e-03
-3.856203420237091541e-03
1.867043614194618972e-05
-2.321810247794593260e-05
-2.002683900955006552e-05
1.447624330610019616e-03
-3.493142283314609048e-02
3.998144985776568017e-02
-9.447505017568890004e-05
3.026627561172831344e-04
-3.276093110533933564e-04
-1.795300220496284793e-02
1.506593581014050234e-02
2.594063267296725997e-02
2.722444804909407001e-04
-3.679872442061765198e-05
-2.545577031699372984e-04
-1.845223005414260709e-02
-1.896089547754607838e-03
2.492281198168943765e-02
1.806397813831931646e-04
3.411529958887839849e-05
-1.930472540565596814e-04
-1.545580729386219175e-02
2.979134116166483673e-02
-5.397978055299757286e-03
1.796644152090213597e-04
-2.461416970317704782e-04
1.088256847882014338e-04
8.012527511629598254e-03
-1.205002493156383508e-03
9.420402068988729255e-04
-8.569268146744930283e-05
8.729310424925508136e-06
2.544779071947443799e-06
1.538122254416025673e-02
2.110657971561030397e-02
-2.433089829112516575e-02
-6.425311321987792722e-05
-1.643855370385081385e-04
1.898510410004651170e-04
2.077792006649211223e-02
-1.601311428702159242e-02
-1.878664467458476123e-02
-1.611991131191227379e-04
1.030166981258622591e-04
1.444631381253343606e-04
-1.215109538514879198e-03
-1.004709126498460996e-02
-3.685077991437229333e-03
4.507467843386616296e-06
6.384961405916959258e-05
1.070112473498008410e-05
8.630623312926102159e-03
-2.616883386074537673e-02
-5.837876282216150278e-03
-9.755831817855777749e-05
2.010547272689985399e-04
-7.175076052775659492e-06
-4.391031940784961320e-03
-2.352232700538265091e-03
2.622415444989050718e-03
4.079688936235696678e-05
1.452096350152054158e-05
-2.496607642882567180e-05
-9.155768894215659745e-03
-1.572033831636183640e-02
1.823306049608037355e-02
3.378561246148165250e-05
1.241682076730930449e-04
-1.254098874427639061e-04
-1.200520693930631332e-03
1.728809648327764986e-02
1.453834412741603034e-03
-5.725360740480172550e-06
-1.460252016558950653e-04
1.434867162945243401e-05
1.025483866859405735e-02
1.137773784955936618e-02
-1.275452876661938711e-02
-9.529151629369104711e-05
-9.081003417912400142e-05
1.149885944823638258e-04
-2.191500005956507728e-03
2.077170981805927241e-02
-3.541071393324671246e-03
3.330903017744729481e-05
-1.705585483598888983e-04
4.369842883435483407e-05
3.255993618979895871e-04
-1.506993134416226938e-03
2.926967816564457047e-03
1.302368118689713036e-05
2.360229367604415804e-05
-1.485004439509430051e-05
1.168940410622855593e-02
8.348366059135917810e-03
-7.252277016026977170e-03
-1.114948799318600422e-04
-1.113982955288345648e-04
3.272614468539911700e-05
-4.477434729756933456e-03
3.049591636439717701e-02
9.821268565856307309e-03
-1.144620752194260310e-05
-2.286826581178318682e-04
-8.697957537842363938e-05
6.326358763857489222e-03
4.235958372304121297e-03
7.990460250794251262e-03
-4.124823942545279357e-05
-6.496248810198415667e-05
-6.581541938520499594e-05
6.408310083860556047e-03
2.537355058802584148e-02
1.516338947584550990e-02
-9.738731873126828796e-05
-2.027104561024647587e-04
-1.395192939974797665e-04
-4.656309301097580865e-03
-3.712694851024459126e-03
-1.398070549528876785e-03
-3.163354294799749529e-05
1.389434473291146352e-05
-1.841264908321951787e-05
-2.030383005825465298e-02
-2.865845403417264722e-02
3.086159415842820025e-02
1.648718881758746177e-04
2.551386545651614817e-04
-1.866034658594426855e-04
1.533473171964741186e-02
-1.107312067588271491e-02
-2.895153264155139392e-02
-2.667185004364394633e-05
1.003261550674068602e-04
2.719067963697036159e-04
5.144690417362875537e-03
1.286482852907083578e-02
-1.946012580348999849e-02
-7.510056120613617815e-05
-4.980294950389147526e-05
1.563117890490608596e-04
-6.835501289893271401e-04
5.929744596487346309e-03
-2.249228639116531911e-02
1.080081797571455970e-04
-5.738735543198517074e-06
2.059353742590731135e-04
-1.523727680726937560e-02
-6.857781490999660494e-03
3.576242321956268921e-04
-4.607516107156864170e-05
4.091260222589760608e-05
-2.252699541958856768e-05
2.667973194697035449e-02
3.547073790826497930e-02
-2.506241141425160149e-02
-9.366380206800173770e-05
-3.113708922853423424e-04
1.560774194570496503e-04
-1.743793380758763140e-02
-6.456427870185782198e-04
2.933118240045862191e-02
1.543752292871526037e-04
-8.046496082624005714e-06
-3.185227998042872632e-04
-3.464216054755797549e-03
-2.232737492102988136e-02
7.008706185368178236e-03
7.436776655114473171e-05
1.316396212242969298e-04
-5.935867844752694173e-05
-7.124489865664448453e-03
-1.631438193171876744e-02
2.261272711465040636e-02
-6.490802871521483146e-06
1.146934007973339687e-04
-2.259952451765872780e-04
-1.181935642324016952e-03
-3.901222679569554472e-03
-2.194027085081514186e-03
3.456986278130998565e-05
1.051103349455432841e-05
3.520767175408237636e-05
-1.863953843771156207e-02
-3.919780116602483190e-03
-5.019823093812035043e-03
1.071775823344471232e-04
5.579203418432621776e-05
8.588554363669246119e-05
-8.749387507379255760e-03
1.751571392587836576e-02
-1.477935058428429815e-02
-6.566372211258253682e-05
-1.061522211069749154e-04
1.190202608095211921e-04
4.923512437933096801e-04
-5.824985108312630104e-03
-1.464606404940919752e-02
-9.475655535143054473e-05
5.277217244794014630e-05
1.186369682259906012e-04
6.924506586228912179e-03
6.227853975905609137e-03
2.316252680669782672e-03
-2.825265981658568036e-07
-3.120565899158484922e-05
3.603653747694238646e-05
1.335843306131999364e-02
4.958564535683246399e-03
-1.968743850623163281e-03
-7.915883276195106197e-05
-4.669794007146604848e-05
-1.112795318315599140e-05
1.062067962339472219e-02
-1.767882146989501954e-02
-8.522513951021206888e-03
-1.136364885217474766e-04
1.081407061053179922e-04
5.728698944668882050e-05
3.669113609820239333e-03
-1.455090722045924642e-02
-3.303380795078033651e-03
2.838541899783379079e-04
7.663568994730429967e-05
-1.499130200081357387e-05
-9.257794650049114976e-03
-8.433120130773240006e-03
2.319256508907913128e-02
1.393146256882121532e-04
7.204951074895390040e-05
-1.902270567779227564e-04
2.023785111774907899e-02
3.054103003816546757e-03
-6.794693224501558056e-03
-2.940604984302038079e-04
-1.961176251341340191e-06
-4.245397700349420829e-05
7.423405195988045996e-04
-8.245798668113257790e-03
2.648198036950592804e-03
-3.731928121556536020e-05
6.930602889103140295e-05
4.426749380261807175e-06
-2.033048783021308031e-04
6.333413932986376067e-03
1.130321772107129551e-02
-6.155291383686504047e-06
-1.782069867838891939e-05
-1.120875380506319071e-04
-7.197476686395272612e-03
7.216872120917117508e-03
3.484214472946291414e-04
7.728726139116669409e-05
-2.510601932736171543e-05
1.086193909715814018e-05
-6.082864229683506915e-03
3.905114919020451214e-03
-1.014270487726766021e-02
5.945868573684818360e-05
-5.630792499219011070e-05
7.538808481681176748e-05
-2.857889575490438205e-02
-1.550854003436280201e-02
6.633038723106099259e-03
2.666463924238531187e-04
9.495867961786833781e-05
-6.200240065210273721e-06
1.980564152235466616e-03
6.384961419582383356e-03
-2.993597369536669245e-03
-1.811300649526905536e-05
-5.462333514322359999e-05
8.228042869850259517e-06
3.299956550945117050e-04
2.021340602284475544e-04
-2.591364033961058737e-05
-1.339433068755658266e-05
-1.875485156333445217e-05
1.863877151363095956e-05
8.748006046279770825e-03
-3.274255692677768229e-03
-2.496811829251792490e-03
-6.953206902722123314e-05
1.304699527588532952e-05
1.167653887654479965e-05
5.620755692086274423e-03
-2.253665106314427929e-03
-2.620074518681419985e-04
-4.909945647700764718e-05
4.162672567328734764e-05
7.342748099756463217e-06
1.857558663387546410e-02
1.094700267073976489e-02
-2.928819713502886155e-03
-1.523064884930485578e-04
-6.193394528479862968e-05
6.530310145050396586e-06
-2.258740291845898109e-03
-6.650938815840804971e-03
7.371173620672852485e-04
1.468971303245569355e-05
3.751479222991246373e-05
2.014905901433874087e-06
-9.124547601179330489e-03
2.657162041083638900e-03
1.476052397292258169e-04
8.936478914906120894e-05
-2.142167564571752572e-05
-3.006668325676090567e-05
4.060391893372725515e-04
-1.477079711576223010e-02
3.390251243513422476e-03
3.763425218342631476e-05
1.166939385472584410e-04
-1.563499861844971529e-05
3.655413695469253085e-03
-6.404926663994954528e-03
-4.838513069540308423e-03
-4.370840835188020545e-05
6.324021037948790306e-05
6.750138432490245856e-05
-4.304394871420543812e-03
-1.232597255751548097e-02
-7.703778537862338103e-04
6.376832773513050083e-05
6.586198460403865291e-05
2.490556051126007939e-05
6.870567128351010543e-03
7.867547719556418698e-03
-8.902420487053831159e-04
-3.532884614509143682e-05
-6.576806297014064205e-05
4.704890508929990006e-06
1.532234875144195853e-02
2.706617583920291380e-04
-5.543917656796687118e-03
-1.736651792720740313e-04
-6.453563579150827397e-06
7.744622217566311101e-05
2.452162980137988484e-03
1.123190627107174995e-02
-3.916729648968064054e-03
-8.651224568816134495e-05
-9.946792487496657173e-05
4.623082714095960298e-05
-1.311743145364207240e-02
9.502293387091124977e-03
3.942440647263392261e-04
1.164352693452173730e-04
-1.010113193511100220e-04
-4.814229994380908942e-05
4.213715092649038436e-03
1.017005655093687795e-02
9.914715307340345174e-03
-1.164955245371204599e-04
-4.774382250197741542e-05
-8.807908623773961392e-05
9.655403909432390408e-03
-4.046232524313470545e-03
6.787684817892279503e-03
7.724885779190356462e-05
8.688154333874371796e-05
-3.524001759604518033e-05
-1.735834604640026577e-02
-5.594698267655185721e-03
9.992884898786233427e-03
1.461975996403970795e-04
3.866002368652424453e-05
-1.062187830141428011e-04
1.623153585543465893e-02
-1.128607362267721945e-02
1.321387134400448318e-02
-4.212051255056915633e-05
6.183671677835628243e-05
-1.082817228906204806e-04
1.298397021969511546e-02
8.910044541736000454e-03
-2.203222968053089852e-03
-1.473986389582739866e-04
-4.210951052133850753e-05
2.957773257768849852e-05
1.432636373360258314e-02
-1.143364267749067895e-02
-1.292205901263890865e-02
2.431361865078252898e-06
5.477072392986186329e-05
1.190626380284798410e-04
-1.750484469631441789e-02
3.949386782365960254e-03
-4.794311535907455450e-03
-4.213311484721841170e-06
-4.319580420317414230e-05
1.666753296757348782e-05
-7.007922129197289782e-03
5.362016804825687696e-03
2.533617339409636841e-03
1.263935957440144304e-04
-2.192406949927570782e-05
-4.871029573684252752e-06
-2.356597870090041541e-02
4.369478716445732158e-03
-1.360438890200285286e-02
1.516667439809645706e-04
-2.019202232007801220e-05
1.577513956573232848e-04
-1.504768493371478298e-02
1.567558475736456278e-02
1.561060997330865514e-02
1.473188295520670547e-04
-8.573413957658964171e-05
-1.134858755396147011e-04
9.127931528111638340e-03
-2.378480278507856191e-04
5.729082957180905641e-03
-8.533886229351519840e-05
-1.842158027689602784e-05
-8.110826039290313207e-05
-6.930949388926464436e-03
5.793047378975608661e-03
1.366668262899210264e-02
6.573263960290016403e-06
-4.008669683903491588e-05
-8.981752102285498450e-05
2.688653558838611287e-03
-2.628122347885917219e-03
-5.993117997081269174e-03
-6.077277021966951765e-05
-2.980784913226379169e-05
3.172871410938825218e-05
-6.554122526188364481e-03
1.224865631642063461e-02
1.524649094681165308e-02
-1.535452599302031696e-04
-7.084438472421239583e-05
-1.013458891763766793e-04
2.090026317667862538e-03
-4.934319633060334567e-03
-1.564826470675726583e-02
-3.723518925358435319e-05
3.589674196495210728e-05
1.546402644029836349e-04
-1.687378628400845737e-02
-1.694085688464029571e-02
2.298245781770003049e-02
5.301441626191080920e-05
1.613235120149149229e-04
-8.374191087845867529e-05
-4.610379982235329917e-04
-8.099151300992393082e-03
-1.183009851326743793e-02
2.578423392156805173e-05
6.542820741866804072e-05
8.963448085283917080e-05
-1.317601189831350134e-02
2.196480523804430172e-03
4.072490629432862393e-03
1.170376879834396789e-04
1.116981633138453203e-05
-1.303771438329693576e-05
4.714304013002508682e-03
2.116624496310267733e-03
-7.731293663582767053e-03
-4.601149948304975279e-05
-5.898198848931000100e-05
6.775320425574948044e-05
7.448632893025820996e-03
8.255014223079202434e-03
7.883394236446256836e-03
-5.704280017310895225e-05
-8.940343015691712316e-05
-9.393806676468277920e-05
1.220596058545036361e-02
1.519965776408988695e-02
-1.792719917962399406e-02
-4.517715664989718050e-05
-1.462005159920419842e-04
8.727227630097989896e-05
-9.321386285773829595e-04
3.299076917319964091e-03
5.578072259365465628e-03
7.871105869927926202e-06
-1.735061068606864393e-05
-3.656829055536678044e-05
3.690926496785334847e-03
5.045578105965675686e-03
-6.842297285109289265e-03
-3.015365755173334640e-05
-5.973904502797601582e-05
4.459452710993753300e-05
-6.133814240005541936e-03
-9.159044000927809778e-03
8.189737052653373733e-03
3.261162687768999940e-05
8.680985868028411902e-05
-7.895307330072532683e-05
-9.546169899442709080e-04
-8.497807354094281257e-03
6.384095900026210248e-04
7.197247186998521567e-06
7.672326042049371292e-05
8.543666870962455937e-06
-4.216747274889292608e-03
-1.094853868972802888e-02
1.271736716208154115e-02
-8.138293544410435694e-06
9.064692950052173008e-05
-6.641131496609896314e-05
4.420268353653378050e-03
-1.210407701743671785e-03
-7.306515029739935746e-03
-2.969802641952959158e-05
-7.750840630616767651e-06
5.872706783698258820e-05
2.144352032471598737e-03
-5.813966393011824746e-03
1.051702764598588628e-02
-1.656212757313110733e-05
4.848950752544577879e-05
-5.245202596829080295e-05
2.361925550860141318e-03
-1.302165852982491330e-02
-4.957003443309786206e-03
1.632947819708277767e-05
9.286603599996322528e-05
7.261501871159195995e-06
-4.641636196018971219e-03
-2.481361610812753745e-03
6.035528632316956681e-03
1.284522979752993414e-05
4.851560691598378380e-05
-4.823778046924297077e-05
-2.292380512297335741e-03
-1.629873546308042292e-02
-5.325761136893584179e-03
3.347076995880628333e-05
1.017361581488804962e-04
2.460699801067563861e-05
-2.707674591776290055e-03
-2.040736102091354493e-03
3.988561667247724797e-03
-6.503369873147770558e-06
3.665090870313376595e-05
-3.045830485307112701e-05
-1.647084719946564869e-03
7.437713767591300727e-03
-1.850320534270888384e-02
2.191989547689511739e-05
-8.428552244486439899e-05
9.930669998274985124e-05
-1.736495138329569596e-03
1.040094512623636856e-02
9.231545888747919731e-03
-3.799742033259285811e-05
-7.914566497364674614e-05
-4.021522817140290115e-05
1.750198316648493135e-03
5.878833713248853184e-03
4.743126779332579659e-03
3.172366864468581060e-05
-9.355529898157751367e-05
-3.564547850820043158e-05
3.839610339826857871e-03
1.937720721647784305e-02
9.507940677560141121e-03
-7.989745172031223551e-05
-1.295560800314108512e-04
-6.093139508504077679e-05
-5.638784605769477532e-04
-5.989999876700348794e-03
-8.604533142777912036e-03
-2.884487590683998924e-05
1.854708046956971186e-05
4.075352635062789243e-05
-6.025610812900025759e-03
-1.079550193159807374e-02
1.769437167977642306e-02
-4.154061659430669185e-05
1.280094776144489945e-04
-1.045576951244408186e-04
8.746741055136862675e-03
1.056267162074354081e-02
-7.609508977358483278e-03
2.507085928073985665e-05
-7.208281964998019078e-05
3.982871999607321800e-05
6.825117582926610096e-03
-1.166828683039800463e-03
-1.479128296500584021e-02
-9.242137289744745978e-05
3.550820229128296736e-05
1.105227367431705634e-04
-8.119089465160845079e-03
-6.948509310865525444e-03
-1.721171609988808582e-02
8.289078835027616026e-05
2.615198943045893141e-05
1.204282991381335952e-04
3.708510721186960343e-03
6.229423776001343470e-03
3.618483635882178539e-03
-6.604899575571215376e-05
-1.547906567199312097e-05
-1.455548038905117406e-05
-5.156656060611874808e-03
5.657495564685055892e-03
-8.215763784535260600e-03
8.828764671307651353e-05
-5.974082331210355201e-05
3.320405794457081570e-05
5.440607115822061225e-03
-3.226075576364634961e-03
1.082653683310350404e-02
8.338822074566050186e-05
7.873671212939619606e-05
-5.485533787739435297e-05
-5.138851037257786102e-03
4.634464710286474200e-03
-2.580133385184129029e-03
7.291810482768465473e-05
-1.103275559187868742e-05
-9.864031665567367136e-06
1.312135617016082709e-02
1.036413253340578641e-02
1.430432414358175780e-02
-7.878280017636623970e-05
-1.183144066567397279e-04
-8.593061775095554508e-05
-9.292425152502914801e-03
-1.824810354728173545e-03
-1.593276527459451357e-03
-1.939285126721448889e-08
1.108575169688103701e-05
-2.581778397296532898e-05
-1.724734538198315894e-03
1.533764571674516280e-03
-2.570428986314971572e-03
3.447155443298544013e-06
-1.393060136093799236e-06
7.738333818434297076e-05
1.534555218091934563e-02
2.592334196319337827e-02
-1.323760707764994743e-02
-1.716993679924938283e-04
-1.560946211591953553e-04
1.038540887884621905e-04
9.054778544797097498e-03
2.402435511478161548e-02
-1.055630728513665302e-02
-1.239471905304798593e-04
-1.867995839900469385e-04
1.519777944357372183e-04
5.769996548440946629e-03
-3.691591927333860018e-03
-1.492812922609182066e-02
-1.431399729090107428e-05
6.278812955492166388e-05
1.522518838890478941e-04
2.098458469328340391e-04
2.574927243102008000e-03
-5.348461056092760528e-04
5.538540965354424680e-06
-1.705797550137586066e-05
2.101423603752524479e-05
-9.798968110810699073e-03
4.385377462871169543e-03
-6.007242897529813802e-03
9.591047394845668807e-05
-5.169508103472408227e-05
6.786148473328177087e-06
-1.130622483951842540e-02
-1.870613848883247166e-02
1.700153525754626721e-02
6.443390630332683142e-05
1.429454454453704844e-04
-1.497098567150193871e-04
5.263760113733341461e-03
-1.896800355942175609e-02
1.107709589522377566e-02
-2.275681683788149993e-06
1.800240019091490368e-04
-1.274987071581343008e-04
-2.746525028733732936e-03
-2.107593163979766017e-03
1.258032236931770631e-02
1.543173794470228136e-05
3.057213956193302177e-06
-1.082974632315960228e-04
-2.533056085351977332e-03
-7.512686204696885500e-03
2.627212545674648993e-03
1.708472514776291319e-05
6.147717093630849139e-05
-3.531638672095039347e-05
-3.197461158075065265e-04
-1.468733023270657988e-02
9.014578382756283786e-03
-8.765768074322268102e-06
1.408452643797254798e-04
-4.797775456528958978e-05
1.468121941160933745e-02
2.010695020065341246e-02
-1.824563637308353192e-02
-1.158067036421584780e-04
-1.762357474554651800e-04
1.704967936061109913e-04
3.422079180781160187e-03
1.982957690738445383e-02
-1.327403494798852848e-02
-6.300516456240060959e-05
-1.983814379196010506e-04
1.358198824732005747e-04
2.710996556283297877e-03
6.288988543235837086e-03
-1.415866736221803486e-02
-1.736622755869335076e-05
-4.241377415689025389e-05
1.026624043742161736e-04
-1.967248204374090134e-03
2.629306462579295814e-04
-6.060687450226189812e-04
2.483319696437278099e-05
7.761269562957224350e-06
3.137779774411643988e-06
-3.523223673402111223e-03
7.324131412136425032e-03
2.596088121866145081e-03
2.438906567931722284e-05
-5.549774393984133072e-05
-7.771054091230217232e-06
-3.293925137752117937e-03
6.242602679375429918e-03
-1.336319898386737967e-02
5.603221823805204147e-05
-3.932607340529252141e-05
9.963094274114502990e-05
-2.278225707490004123e-03
-5.221701167110604901e-04
-4.962097350514601884e-04
2.453646131546302294e-05
-1.567819348626329126e-05
1.548779616388474447e-05
-6.526612946029903065e-03
-9.771768829581199862e-04
-9.777800596650369422e-03
4.900003548562089630e-05
-1.961977437792930376e-07
5.750866592766568428e-05
2.900860942613723518e-03
-2.342287113887815599e-03
-7.718176909455047932e-03
-5.746542939593537975e-05
1.602122644032284683e-05
5.121375699630026498e-05
7.090738378151130276e-03
-1.446676114018186771e-02
-5.664269134687401844e-04
-4.417928368820486334e-05
1.214702214978856669e-04
-2.490495969098634666e-06
-2.598083958705433671e-04
-8.597196823362995496e-03
1.978286342890052049e-02
-7.077254386774324644e-05
6.795385608497533426e-05
-1.454992806663823579e-04
2.329815073528476548e-03
2.252675503061356450e-03
-5.767134134469239712e-03
-9.161918729723277167e-06
2.173594741980390360e-06
4.226386417287376825e-05
9.666902815849436406e-03
9.996464926811740245e-03
1.303207040872902088e-02
-6.682802584612095660e-05
-4.476336757830703738e-05
-9.360848701651532078e-05
-1.163347653989725387e-02
3.950582357409524077e-03
7.063860864751501240e-03
6.058106841608912042e-05
-4.466236186494143399e-05
-5.953197553670076011e-05
-2.379687327603902808e-02
1.835095750718184968e-02
-1.218784278348312815e-02
1.628146264711775632e-04
-1.615589879491365760e-04
8.138131969055861109e-05
6.984381389213339952e-03
1.775365863251043147e-02
-1.755611136169829209e-02
3.135712683405617496e-05
-1.508510535427089454e-04
1.169951268798752726e-04
8.938407957844578602e-03
5.042236971902983728e-03
6.615574547429117595e-03
-7.054764478335050540e-05
-4.090573952138648595e-05
-6.062801004385834645e-05
2.812523568514386542e-03
-1.177261502124835914e-02
-1.998032568363427349e-03
-5.072153696851909219e-05
2.904885565414911771e-05
2.127359018384121169e-05
6.081411879157000780e-03
-1.686249654354097507e-03
-4.254860415525435306e-03
-1.128594127081008331e-04
1.071755930962889336e-06
2.927267440540763156e-05
1.805371368990792147e-02
-1.247269022269567769e-02
6.028777902341285813e-03
-1.774233138781706727e-04
1.234537876657642761e-04
-3.589142138330507937e-05
2.545666190105326260e-04
-2.126554590697717767e-02
-9.892588863692445156e-04
-8.333189943520171133e-05
1.799970324829251679e-04
4.533926315610671548e-05
-3.618350180428308140e-04
-8.318726691268906945e-03
7.001920262201284141e-03
3.006060258918814273e-05
8.640979430721004511e-05
-1.896637577213084711e-06
-2.123917966691300438e-02
6.515681138883674256e-03
-3.911416402860195748e-03
1.291842340738917410e-04
3.422979859480149078e-06
-2.540890982456715717e-06
-7.021035136243560827e-03
2.736359860391346550e-03
-9.358379880032411530e-03
9.035327674015430498e-05
-7.956559596151573742e-06
7.185534674754245844e-05
-9.435421711644385173e-03
9.407821731061864062e-03
-6.471915996008505666e-03
6.643825687969079396e-05
-1.277151278728449416e-04
4.940601103030573877e-05
-9.322795267667782076e-03
1.004689939149087420e-02
8.956917618555404817e-03
6.696814664165518525e-05
-9.228576779182232298e-05
-1.125277091715609954e-04
5.238795219041890612e-03
2.896484624738489624e-03
1.538193543429050569e-02
-1.567330163877982146e-05
-4.903770813724048108e-05
-1.640362762617289603e-04
1.257013487719751792e-02
7.946424442979856465e-03
-1.911355849159663157e-03
-7.877206040391340866e-05
-9.093850658916012250e-05
2.807106591472134625e-05
8.387656568241641519e-03
1.322320266640197211e-03
8.014257973092851414e-03
-5.929453531076903810e-05
-1.668126721210448567e-05
-6.520422730070337303e-05
7.865361427211010892e-03
5.377073841824870455e-04
7.260053003345293479e-03
-4.462367194397010657e-05
2.454376594230906440e-05
-6.107178946889737191e-05
-1.117683224356375016e-02
-5.222350268781146380e-03
-1.022049244624157437e-02
7.691544676448826994e-05
4.923620670030603535e-05
1.016538744290775107e-04
-1.072868692522451622e-02
-5.952595878268027510e-03
-1.381807674641000010e-02
7.781964374351882656e-05
5.590666509879604136e-05
1.222747289052032466e-04
-1.086221580373992156e-02
-4.373748532805471836e-03
-4.957152247101182657e-03
7.166241712408062995e-05
5.099132871446916454e-05
1.920420365740138256e-05
1.193409395517184960e-04
-1.393314488509626511e-03
-3.663592366648620122e-03
2.957336474787742340e-06
1.706902779830100651e-05
2.699302625085209554e-05
-3.706980610756196396e-03
1.163289884319373068e-04
-2.983752837032502877e-03
1.546111893886705253e-05
-2.437505231194429277e-05
3.243675015380309475e-05
2.993579957930293366e-03
-1.852981999680218235e-03
6.559289851862556942e-05
-1.886177360350932392e-05
1.124669160173267054e-05
-6.486742470369759722e-06
3.481924760007051606e-03
-2.428287836018999581e-03
1.990383131877911018e-03
-2.534720696322000932e-05
2.459548455047031197e-05
-1.120291617281706040e-05
8.890184184487198715e-03
3.654276785355511231e-03
4.120323383265380650e-04
-6.226239843473230446e-05
-4.462027329917257550e-05
6.188475571079192206e-06
3.152157657871809378e-04
-1.278911445521325541e-03
1.860933249984307722e-03
-9.281981544336018175e-06
-7.548153201500478695e-06
-5.985854866824789132e-06
4.370287302052247407e-03
3.935282556047132833e-03
-8.586854536142515468e-03
-3.792811905982986621e-05
-2.845583314664906028e-05
6.314221199022797010e-05
-1.125415287673815073e-02
-9.004199724171709635e-03
1.058698304752879286e-02
9.100808606003384842e-05
7.279068941169900616e-05
-5.595447486795900114e-05
-4.759150711359594679e-03
-7.258417266281302210e-03
9.453308990563730543e-04
3.618920290673423616e-05
4.599226044422088011e-05
-2.097155034711254069e-05
-9.493649260537381437e-03
-4.781360588496483439e-03
5.017837138018304069e-03
6.598660132626768462e-05
3.578110359063836133e-05
-2.003239656526295881e-05
-2.065287166160110696e-03
4.910491274499920525e-03
4.664237639336925312e-03
2.757816682454047183e-05
-1.787029014874111664e-05
-2.459270658218004827e-05
-7.413136843802531177e-03
-4.667049436428470990e-03
1.680779995146076261e-02
5.172389550878511293e-05
1.798274483952623989e-05
-1.239382794893822450e-04
1.529815780920534656e-02
1.064746207671375504e-02
-2.242218484106937079e-03
-1.221860209238351865e-04
-6.657171624061501833e-05
-2.743032025054032502e-06
3.980747257109239906e-03
1.131958048208520778e-02
-2.357616621046566049e-03
-3.472324389828839911e-05
-6.420696757321621147e-05
2.804791108763619002e-05
1.693075418326125264e-02
1.946340666115044813e-03
-2.380202202888422091e-04
-1.392918516990624507e-04
-1.070582356169880756e-05
1.070034668415713838e-05
2.933522311488252331e-03
-5.398170560788453747e-03
-1.028235456306675344e-02
5.707380044330202042e-06
4.894825282577478073e-05
5.339766909586998137e-05
-1.079474492143038186e-02
1.241528396571809560e-04
-1.875613989319964078e-02
8.832289512260640702e-05
1.729213014238653530e-05
1.318269252517645905e-04
-7.474853817136426284e-03
-5.257554399612859516e-03
-4.521157067633443591e-03
1.270417906519100105e-04
-1.040592696362146199e-06
5.661850486297160455e-05
1.162781474814689707e-02
-1.050542895586615080e-02
-9.904318031898552872e-04
-1.065003164554453852e-04
6.501436432382491767e-05
-8.603969764630683078e-06
-8.294529701738721089e-03
4.162072488826880183e-03
-3.924342567081037444e-03
1.313329666916942314e-04
-6.932971826478984871e-05
-1.923310771168064629e-05
9.750651948454322829e-03
3.802504540169704926e-03
1.188640710678852234e-02
-2.145704574634804272e-05
-5.136812650010310374e-05
-8.146055334068545587e-05
8.169407909490968706e-03
2.284571038943055896e-02
2.758377188682217124e-02
-8.052852981893987225e-05
-1.900679031100882945e-04
-1.937302544910525840e-04
-4.656758448782372800e-03
2.133333472010660870e-02
-8.103909480591125342e-03
2.671011107521815240e-05
-1.100804304643863616e-04
4.556165074994936924e-05
8.097953170177784373e-04
1.421558381795935862e-02
1.376405815322657468e-02
-1.617871558851881954e-05
-7.280697203647495930e-05
-8.509439643956778732e-05
2.325870641343569939e-02
-2.293049799842846598e-02
-1.221124484259117045e-03
-1.539844583107927135e-04
2.521789433318416063e-04
7.963496855823898649e-05
4.367913711446340386e-03
-2.685617286909110137e-03
-6.993251836074231356e-03
9.426923481577038924e-06
4.647240896181560946e-05
6.221155800828521304e-05
-1.059686548620569118e-03
-2.429568225593586872e-02
-2.176605494566230189e-02
6.515711936814354321e-05
1.922875699480304729e-04
1.211457800847127341e-04
-5.629116656878805020e-04
-1.474286104630699763e-02
1.236913582909310305e-02
-6.448721008452407155e-05
4.241198488574584550e-05
-8.622055828461300860e-05
-9.600872252950523253e-03
-1.855125608385266647e-02
1.869853535654895319e-03
7.717685460725367858e-05
9.661977728379824316e-05
-1.295292165009107688e-05
-7.608576479646933857e-03
1.047802659699536947e-02
1.461302678364488281e-02
7.176217818830447925e-05
-1.143605622206074680e-04
-1.338459799021740550e-04
3.691138401894748441e-03
3.221459860630991687e-03
-9.781547067046250904e-05
-3.005141627443567174e-05
-3.826268071937475581e-05
-1.219520792858245596e-05
-1.520160506326170445e-03
1.168099889452971045e-02
8.032614408664836766e-03
-1.821670186409866620e-05
-8.765280452731399809e-05
-2.941110665921646948e-05
6.421227893249648619e-05
6.592119325149978573e-03
-2.531049783791555763e-02
-1.678054552215544183e-05
-3.161338620416864504e-05
1.972672389245245269e-04
6.329337463933090713e-03
5.314480200334676697e-03
-1.171721752803582192e-02
-7.279493281383802162e-05
-2.830224534932570949e-05
9.157296411192366117e-05
3.876454895440813609e-03
-7.354452364175220400e-03
-2.224414877112499203e-02
-1.243082807750532689e-05
7.175561488643078696e-05
1.594874141322629737e-04
-3.768668594076612531e-04
-8.559284518582483499e-04
-1.705863219004137641e-05
4.145867492282555587e-06
1.005136790016260920e-05
1.373272264346416888e-05
3.240270759970694837e-03
-1.220572358718240505e-03
-4.552142302526341992e-03
-1.349945122063154497e-05
4.202961335943488257e-06
2.222985239993409797e-05
-3.719777528974524405e-03
-3.816010102399476373e-03
1.486227825725879893e-02
4.266184592577522574e-05
2.580115720297390403e-05
-1.251692070958129450e-04
-5.718354081615914693e-03
-3.921198023203904814e-03
6.895319835317129283e-03
6.066365545160916513e-05
1.999691615692038735e-05
-6.212161332298985861e-05
-1.039270389831881310e-03
7.936243110047823011e-04
1.369602748807696377e-02
-8.388356660854771792e-07
-9.080075931617280911e-06
-1.037698036452507582e-04
1.802526470011080390e-04
-2.422663960867510805e-03
1.854545295758478667e-03
-5.185527705576872390e-06
2.426246018035475876e-05
-2.731028077148933843e-05
4.444757348776782330e-03
-1.713998875262545381e-03
5.869297315392078655e-03
-4.053209762500650565e-05
-3.919225618710001720e-06
-4.392505678213712864e-05
2.887768493449727452e-03
9.978998811766779872e-03
-1.071798251082506891e-03
-3.606466395350171503e-05
-8.482782337739445640e-05
8.571140458589742448e-06
2.819531831581476543e-04
-9.468857961797243206e-04
-3.199352554054056465e-03
-9.592551824151341082e-06
2.069683436531803358e-05
2.796060245421373713e-05
1.461295320290692664e-03
1.987056534678183738e-03
5.028806392561979699e-03
-3.645609666754065574e-05
5.851640963731718364e-06
-6.056007447048986341e-05
-1.475766101524554001e-04
8.422791304658675676e-03
-4.236795764103446112e-03
3.387032040798358309e-06
-7.581568936165940893e-05
5.315693997924799297e-05
-3.467020983013401492e-03
-2.758958510996647063e-03
3.657604717512667834e-03
4.126867593665763052e-05
5.611793545002150598e-05
-2.299224648480667556e-05
-2.213653264896577218e-03
-4.386568819198343253e-03
-1.498434439829576716e-03
1.344998400207188955e-05
5.650053107740413773e-05
2.813650010596197590e-05
-1.716329237361110096e-03
1.391040858700157666e-02
-6.661109299045409222e-03
1.949848708088289240e-05
-1.414017354266757041e-04
6.310131298888751116e-05
2.505642398376065842e-03
8.036135797988565007e-04
-7.065575454192871835e-03
2.646845519356445632e-05
-2.462393520577291456e-05
6.149777217063197104e-05
-9.545589466454947741e-03
-1.747882999810741397e-02
3.011509583903775478e-03
5.632276431805469552e-05
1.241931295329758253e-04
-5.447015716132626247e-05
5.039134289406879338e-03
-2.321516191778817304e-04
-3.292980818736403366e-03
1.921322189792956301e-06
-8.054781764642065235e-06
2.883610943285665974e-05
-2.722676131400594227e-03
-4.577533573466662344e-04
-7.993148575768230235e-03
3.705217754742840205e-06
-4.003240164341661053e-05
3.225386263272617365e-05
1.071130736200062022e-02
-1.855950700148026322e-02
7.987847694962777606e-03
-1.004920341948245565e-04
1.902912237217094910e-04
-6.670755446166932339e-05
-8.502356978099518889e-03
-4.989128275325872787e-04
-4.773649028965439890e-03
4.079719064876106293e-05
3.147720408342515085e-05
2.997387593442971465e-05
1.737242701790027780e-02
1.147071161825226858e-02
-7.155965023622112755e-04
-8.101837284298477363e-05
-8.457538202917447181e-05
3.829053320060433655e-05
1.294895889087830168e-03
-2.984660673007813198e-03
1.767509197285201420e-03
2.420253054051917040e-05
-1.464724848644780858e-05
-4.342727140340134264e-05
-1.321087864855546162e-02
8.648282362425565445e-03
4.768109059647696046e-03
6.843979344732846958e-05
-2.400322768632246360e-05
-1.156376900872632943e-05
-1.634684655914448934e-02
1.174971236183105974e-03
-3.185746402435191658e-03
1.038712367356517478e-04
-4.600833630439227028e-05
4.317186672748239126e-05
2.277619604523233726e-02
-6.692494958792686958e-03
3.515001379898688699e-03
-1.408108710616895497e-04
2.843193641509652545e-05
-2.493963692618554294e-05
1.273983018926886333e-03
-1.002482929471839104e-02
-2.290330160895314143e-03
8.755862830982539613e-05
8.829116992257379966e-05
-3.076063367915683977e-06
-1.352066074520759213e-02
7.074867030385685596e-03
-4.669867540360655924e-04
2.453314050127638522e-05
-1.008633263546878383e-05
1.781061573804868355e-05
2.696286850788677785e-03
-5.874723188948209607e-03
1.839792699211223459e-02
-1.030480730947793544e-04
3.507305832673977434e-05
-1.962429307439325643e-04
8.047097921628925538e-03
9.561289980016719411e-03
2.187539834550058723e-02
-6.398343190675745667e-05
-5.022402464513101407e-05
-1.684438671055303355e-04
-2.386567039461978332e-02
6.771729742951356455e-03
-1.253686380458910767e-02
9.394688069705838321e-05
-3.491548692774515460e-05
1.227618890073175898e-04
6.476782940046783843e-03
5.289710884005958264e-03
1.536041512112700262e-03
-5.776955100203656800e-05
-5.980497220885144766e-05
2.585058346384947593e-06
1.241611336687466031e-02
-4.872379095226096355e-04
-4.767362404652348662e-04
-7.043675560247589370e-05
-3.579682313046622037e-05
-3.043002997133056690e-06
-2.059369815820576849e-02
1.086019974208222907e-03
3.774183972107915831e-03
1.673768421700617742e-04
-1.077185400553029012e-05
-1.185425648580003507e-05
-1.108867398465590223e-02
-7.346134373272150860e-03
-7.989765130595438344e-03
1.105311570887191242e-04
5.856125866887155026e-05
5.368740591006328179e-05
5.671662205561096848e-03
2.396868094979664240e-03
9.672752381335039673e-03
-2.054735650489986892e-05
-2.731754405428263934e-05
-6.647887343866121018e-05
-2.874384437422600105e-03
-1.725972220795433899e-03
6.492996938782622397e-04
3.121801945936998602e-05
2.693882825641384792e-05
-1.368476946766306684e-05
-6.943245276085126781e-03
-2.840519803498062473e-03
4.817360567862433857e-03
4.106955355363807008e-05
4.232934393633218758e-05
-2.222843202518967533e-05
1.686954872694657742e-02
2.735609479459648156e-03
-1.267324471553308955e-02
-1.367593746598519671e-04
-1.201093492426122212e-05
9.323568500374220316e-05
7.336038953204440313e-03
7.747659586729487534e-03
-2.567784607309680014e-03
-7.747332748786654537e-05
-7.195853509131493035e-05
3.139878420247129765e-05
2.933461654165480954e-03
-3.422999354770547061e-03
-9.258579913330617153e-03
-3.147497657556672817e-05
3.585995107931217888e-05
6.105016323624959731e-05
-2.485296107942678787e-03
3.076321141768551676e-03
2.846512105357876330e-03
4.494477295199329964e-06
-2.660415442411694477e-05
-1.685270518781432212e-05
7.754296301328932224e-03
1.140646432956110047e-02
4.133132867037011930e-03
-7.224270999660089003e-05
-1.083870490807765024e-04
-2.099673383458130409e-05
-3.617556844003386347e-03
-3.162581298228029324e-03
8.672382873162737607e-03
3.956393388042405606e-05
2.462645526847044249e-05
-5.065788915372636112e-05
-5.478003353396802659e-03
-4.609979305990640971e-03
2.194348292387919910e-03
3.261898140272432396e-05
3.006749983906350932e-05
-2.401544309853283701e-05
1.556816430609540792e-03
-3.112315756458070275e-03
3.161027826492117214e-03
4.783205007283678383e-06
8.829994480115342637e-06
-1.901677508062957333e-05
3.265684010764881642e-03
-4.489265365565885818e-03
-4.715694813557201083e-03
-4.834618882768028428e-06
4.110162075852180001e-05
2.977668631195765447e-05
-6.433809682813621152e-03
-1.201132049748950166e-02
-5.744407195916572013e-03
7.227674652111820773e-05
1.197479921962086474e-04
3.187027738670816481e-05
6.352547149849967559e-03
7.675974229948872348e-04
1.357717195281688861e-03
-9.419734583658328131e-05
-6.099154729842727035e-06
-4.974806398628101441e-05
5.031709954020892328e-03
5.589545253729728651e-03
3.437182876702428967e-03
-3.421782438327988302e-05
-5.426540203712966487e-05
-3.460589334428352198e-05
-3.659445973156203510e-03
1.690326424015695193e-03
8.169032965044569980e-03
-2.947943338847106950e-05
4.567508954555898379e-06
-7.167934975128928009e-05
4.800451288291021981e-03
2.617746164639181417e-03
8.851237632103110820e-03
5.226306692532184926e-05
-1.092437770499485330e-05
-7.332066217457185761e-05
-9.575626201078777169e-03
1.261276781073241869e-03
5.175108338390162557e-03
-1.615895843229163406e-05
-5.642284644936030648e-05
-4.795000344365932525e-05
-1.412925033598557562e-02
3.732392591633110299e-03
4.731355579909889662e-03
1.085176837681722822e-04
-6.180772363050401495e-05
6.559961842959829093e-06
-1.360149047754754745e-03
-5.277926813628640431e-04
-4.964503351418616964e-04
-2.511567137127577482e-06
2.899518351189824607e-05
1.727033496647997678e-07
3.280704856300709332e-03
-3.876676780078800941e-03
-7.828215996194109322e-03
5.834590841175629706e-05
-2.509352436214387324e-05
6.596389533664468656e-05
1.533733153132365787e-02
-1.283730440211950513e-03
-9.029319274170791165e-03
1.066065252104402654e-05
4.045926183426905591e-05
6.810051045824431994e-05
-4.753024551572685753e-03
-2.697284524214802739e-04
-2.085164105307529651e-03
-4.023174949772386844e-05
5.503865066126919814e-05
3.530743809248890045e-05
-1.031356236013953806e-02
-3.847275964278151078e-03
-1.528702536958572583e-02
-8.682514878490161809e-05
7.443899719947975066e-05
8.871075990014859339e-05
6.081724445066875873e-03
-5.986293483481233517e-03
4.143252291291832715e-03
-1.134115047546268747e-05
5.419176260299967990e-05
-2.824493981829558379e-05
-1.525678718563182323e-02
-4.123882505639002612e-03
8.874518559993063715e-03
2.110902169959153634e-05
8.656998846454482519e-05
-5.238653443790958642e-05
9.104361229821861246e-03
4.296964702458615053e-03
1.189825791162649714e-02
-5.109266171743357874e-05
-5.533731006330746296e-05
-1.045827651582269220e-04
-1.179368185431695906e-03
1.052024117992945464e-02
-1.771420210045990479e-03
-5.860529998337981033e-05
-1.437474981527243434e-04
-1.814059928375286030e-05
-1.087507880948887680e-02
6.248730930490812088e-03
1.134997828593047216e-02
6.908453863390472236e-05
-4.753588571368951634e-05
-9.319439262411007908e-05
1.507414881052607442e-05
2.458961660968728841e-02
-2.503134530694677180e-03
1.245630915063966236e-05
-1.869267603432398861e-04
8.173307812865157038e-06
3.316985664234114919e-03
1.562854686115169173e-02
-2.800269105240696995e-03
-4.360711541271314334e-05
-1.712671720768739209e-04
3.503020618401050833e-06
-7.791738884270766295e-03
-3.465195426849140142e-03
-5.931936459920414753e-03
4.928597009671333425e-05
4.647555715441540231e-05
5.532953407928158497e-05
2.656357467695811148e-03
-1.822053981866478658e-03
-1.823171658255731773e-03
3.116011734204387085e-05
2.313389859490679737e-05
3.506163444535023477e-05
5.548941638641744466e-03
-3.055600485270558442e-03
-7.464166418942350806e-03
-6.861027373191511396e-05
4.300502289862792561e-05
5.868737976784502874e-05
3.115275298724810328e-03
-1.484710795129769688e-02
3.518209796614265011e-03
-4.444593156000391254e-05
1.317219521743225237e-04
-1.625282781815223253e-05
-7.753167160285337348e-04
-3.192305106526819800e-03
-5.372667263789817488e-03
-3.720727036026155994e-06
5.366500224666615268e-05
2.867533238712538076e-05
1.619655432070535393e-03
3.689398662110528280e-03
2.521607590706493197e-03
-6.915239317375935760e-06
-3.365786429934564138e-05
-2.337577363755188756e-05
3.724743706995920552e-03
4.710879186652690981e-03
-4.103720654889478521e-03
-5.469817996635210016e-05
-4.084364997824502247e-05
2.845417348373307470e-05
-6.064260576779436848e-03
5.171334459310197819e-04
4.227692766608082478e-03
6.207856646969890462e-05
-1.907973581939794038e-05
-3.400649810897953169e-05
-6.781048995759625386e-03
5.233978151349585016e-03
1.376098216900600206e-03
7.097633456144294105e-05
-4.958403512923179713e-05
-1.716670178491647611e-05
2.146465308219934996e-03
3.542059915742659399e-03
1.680805837204088016e-03
-1.871648126544022461e-05
-4.521928289135455605e-05
3.274776810575883217e-06
