# Mean fit:
# N_phi = 9
# N_t = 7
# N_season = 5
# N_euvac = 2
# N_tau = 3
#
# Stddev fit:
# N_phi = 3
# N_t = 7
# N_season = 7
# N_euvac = 2
# N_tau = 3
1.376342160577575385e-02
-1.379265421079777128e-02
2.403741589051940422e-02
-7.015654505086728430e-05
1.146295100193033098e-04
-1.919909629241364334e-04
5.214085640817159133e-04
-3.727598638630445771e-03
1.041363538881775845e-02
-1.276376591206901211e-06
6.061162320483335329e-05
-7.522837362979444020e-05
-6.951082038274885785e-04
-5.543934987763194516e-03
3.940444877325351668e-03
1.556198654007113184e-06
5.526334667491533307e-05
-3.308562989358058558e-05
7.141177757351014656e-03
-6.457190739117618476e-03
-5.934119631703016137e-03
-2.593653141315549164e-05
3.855080314101440943e-05
2.593956799479749036e-05
-5.830495478738892488e-04
-4.438928862987693430e-03
-8.712478300852600707e-03
-2.014026043263592326e-05
3.589773551409277899e-05
6.731762611426128716e-05
1.272609134910909767e-02
-1.300404277522014193e-02
-8.759466060564285181e-04
-9.863368542201507341e-05
1.262710566247444554e-04
-5.791187079274196550e-05
3.094325822373250861e-03
-9.930234299665937486e-03
1.320222184422270573e-02
-2.345188973493400302e-05
6.953837337143729423e-05
-7.891246749841380700e-05
6.447548878879513432e-03
1.168151091291282084e-02
-1.379839152932123975e-02
1.626718475682729459e-05
-7.930191030642693632e-05
1.205628181324381682e-04
9.543406724486493088e-04
1.205186170499299159e-02
-1.007089313980264779e-02
-3.170956018184457984e-05
-1.139336256317689474e-04
5.843819717412253426e-05
-4.074846311020265989e-03
-2.714207112280775987e-03
-5.022954448786313281e-03
4.379215947247473245e-05
2.951784834800948523e-06
5.248134284489199697e-05
-4.135766558717754275e-03
4.172670723083435861e-04
-6.837416349365839667e-04
2.302447471262161050e-05
-4.536014088495732521e-06
3.097977807491920791e-05
-5.133817014351906537e-03
-1.016186975922958200e-03
1.409869109624909030e-02
3.924729580924291023e-05
-1.779820373926521641e-05
-1.196001427973592847e-04
-8.217922829570378437e-03
-4.212681223356526221e-03
7.824738422283285949e-03
5.627154715150158021e-05
1.193010781876903192e-05
-2.619064512517822136e-05
4.673207916467521199e-03
7.910106762106784012e-03
-1.400267084523045208e-03
-1.834596635182579084e-05
-5.609168107744625357e-05
1.228936858101505758e-05
2.058986184263681546e-02
-2.861945864885104360e-03
9.085076403830251446e-03
8.496874609414421992e-05
2.948080035998043133e-05
-9.824849786029594305e-05
-6.430884989792728240e-03
-1.090679584560126300e-02
1.920817295759557480e-02
4.081925493149706510e-05
1.011535450117199167e-04
-1.558734274527218491e-04
1.086795252122406928e-02
2.080802035662647834e-03
-5.062709743529541194e-03
-8.164207818186023909e-05
4.284525333666915530e-07
2.741918012304856632e-05
-1.954920860460234496e-03
1.653544624000084957e-03
-9.663403983712747641e-03
1.607330882920931673e-05
-1.603552396191770178e-05
7.449303136415539293e-05
7.394801601111607864e-03
-1.093776542047704544e-03
-2.409698217676095253e-02
-3.905664587633943800e-05
3.041420247317844875e-05
1.909532736617967279e-04
-9.694826748139515971e-04
8.283906971068021735e-03
-1.457469179409326930e-02
1.193302865930854427e-05
-4.863587977588387600e-05
8.800059583179316303e-05
-3.231689938522957529e-03
-3.670768477304725292e-03
-6.102512336890005516e-03
1.955679378422303140e-05
2.670508460632899838e-05
3.282923554483049383e-05
3.232155820288915016e-02
-1.123575292008923733e-02
-8.379151181666859988e-03
6.822686660848695055e-05
7.804927858564807814e-05
9.634344631535241509e-05
5.639989675580866189e-03
-2.095164539585492661e-03
-8.792721492476127457e-03
-2.107654988145551370e-05
7.340487554000465678e-06
8.084845019160432798e-05
-5.445409591729202109e-03
-9.104534394829390601e-03
5.808813502061963528e-03
5.863387724392780096e-05
6.470058778413595294e-05
-3.170732771954053739e-05
8.635846138125530952e-03
-6.916506078667012357e-03
1.277518225412156705e-02
-5.167559924090850399e-05
6.868751161973967150e-05
-9.916477256391818134e-05
1.420478163168794857e-03
5.380356208223096084e-03
1.518296805692424291e-02
-3.540945195860687789e-05
-5.930001879158703178e-05
-1.306065124011468112e-04
1.179268153790998669e-02
-3.615815407440589168e-03
8.357571766977163474e-03
-1.076883105351934285e-04
1.005606352531343765e-05
-5.164069796636062482e-05
9.354837354411747741e-03
1.425311739133923450e-02
1.478260815773675728e-03
-2.828612778754611200e-05
-1.061785875057838892e-04
-9.942767052810493885e-06
7.964755593999251274e-03
2.144620716641432688e-03
1.773400069112180191e-02
2.036188046357827815e-04
1.065408809936496480e-05
-1.413674648801345945e-04
-2.298416624351345484e-04
-4.392041674094360366e-03
2.359492464410515395e-04
-1.146123943627650281e-07
4.584804101233707312e-05
-7.484460398102751661e-06
-6.135390108896667839e-03
9.270953315529717118e-03
-1.841246714062769879e-02
4.374290129206560705e-05
-7.150868210384726191e-05
1.555177586075776432e-04
-2.212601451937539713e-03
-4.766360191224059024e-03
-1.778622749360436739e-02
4.536378947783625354e-05
1.407182730627163526e-05
1.630317757753349810e-04
-4.865104374342572868e-03
-8.711121667335855467e-03
-1.377833840476516171e-02
8.673026807354406711e-05
9.629107774346181824e-05
9.070230057119515750e-05
-1.981788476214273870e-02
-1.419363193630836500e-03
1.948061509189993878e-02
1.731173231691700298e-04
3.939530850182118045e-05
-1.395405138281004655e-04
-3.004499927671867594e-04
-1.029913252634099934e-02
-4.334756785363668569e-03
-6.121939445297348327e-05
6.509983504845876044e-05
5.517015537386199211e-05
3.821664366572491769e-03
1.140474805238639268e-03
-1.399719016834797235e-02
-1.019026797085287339e-05
-1.061074150779828685e-05
1.102063801810169660e-04
-2.082635653360232451e-03
9.821227288808308947e-04
-1.227068699143657893e-03
3.699004626447317888e-05
2.480818373351114297e-06
5.581072041509803222e-06
7.895822580879601621e-03
-9.754784509174520973e-03
5.918825094726197326e-03
-6.304987318698766665e-05
8.956287364983599500e-05
-6.688173974884780218e-05
7.738831632785407241e-03
-7.227587251990956474e-04
1.175748284938289874e-02
-6.101556121969273227e-05
2.531649179226611030e-05
-1.104017872460032927e-04
6.694308493057363543e-03
-2.819245058839529665e-04
-1.083701484959562374e-03
-5.502283056065941533e-05
-2.114652830593878141e-06
8.469993753297449919e-06
1.286093564624490480e-03
-6.851097355505827253e-04
-1.880296206525508204e-02
-3.010352636426192820e-06
-2.988550394707307651e-05
1.442127260819425977e-04
-1.435235836357746388e-04
6.391466308440492926e-03
1.604063154757110529e-03
3.076007391935005542e-05
-3.016903639229869875e-05
-3.896720774504632576e-05
-2.524384688116935570e-03
-6.690321459889206736e-04
-3.097241923234408337e-03
8.128380153106920579e-05
7.093438317001648014e-06
1.407458539047451933e-05
-1.781758959886492813e-03
-3.769068510054760998e-03
1.508066070927208732e-03
-3.788551215680023660e-06
2.204181292835997113e-05
-1.087190711998804332e-06
-3.250435006439219253e-03
7.454131447944284221e-03
1.885229545015256651e-03
3.135048426889530540e-05
-7.730524961770978191e-05
-2.188976356692616215e-06
-1.236894422521873276e-03
2.616260077547991926e-03
-8.029779524225509266e-03
8.963463252100589953e-08
-3.887683487736189693e-05
6.763232453812126322e-05
-3.354466025237103164e-03
5.675493456578480089e-03
6.500188256214302004e-03
2.198349802900673649e-05
-5.315846804562391367e-05
-4.573734869897323264e-05
-1.394124342303955204e-03
-2.442089104559407291e-03
1.606696483981941495e-02
9.247535655457379404e-06
4.210628166584613025e-05
-9.842653047782607713e-05
-5.014375327742305252e-03
1.313750712687908719e-03
-1.279579625254630322e-02
3.086384677308342698e-05
-3.115224891123606019e-05
1.158911054999702157e-04
6.916270396256712742e-03
1.150650892875752611e-02
1.108017957091847819e-03
-5.306127513207134695e-05
-7.365214616472553805e-05
-9.540374862546804487e-06
-7.549013429751818584e-03
-4.551070447588827922e-03
-1.357589651923389248e-02
4.956565990270255461e-05
6.775051274943514874e-05
8.521147160904648729e-05
5.234257093373431355e-03
2.657015336489518525e-03
-3.608587081863418511e-04
-4.748442173957558254e-05
-3.550199142840170766e-05
-1.193486089444223896e-05
3.097038134311977213e-03
-4.636038906090786914e-03
1.479981831248238650e-02
-4.040240629976156957e-06
2.539386379880699058e-05
-1.062235908887825811e-04
7.309332308358478490e-03
-2.265055379092942994e-03
2.860750487088271204e-03
-4.612421164876534123e-05
3.140113707177114922e-05
-5.688583066542468095e-06
-2.847411688826734580e-03
-5.875538545606893460e-03
-7.722096295451580481e-05
-2.100672259791992405e-05
-7.081937350575403114e-06
-5.550332848577750769e-06
9.805470030183090560e-03
1.502887402364332624e-02
7.837030436395510044e-03
-8.171368102531826000e-05
-1.116865242669564951e-04
-4.941062647193073762e-05
-2.061771724454758772e-03
-8.125446826052120514e-03
-2.132126307570900853e-03
1.667856478186810194e-05
5.303003254180782956e-05
3.178484583957832965e-05
5.602791270908640334e-03
7.296001223612175743e-04
1.948983857155309196e-02
-3.000536187363446323e-05
-4.673415178383946115e-05
-1.369011259929296676e-04
-8.713538431906146103e-03
-4.224485044931054582e-03
-3.955323138601261716e-03
7.528068808861716928e-05
4.441070403450280541e-05
3.379147447298837362e-05
-1.079307930630983786e-03
1.090970240534438508e-02
-1.913549159313521555e-02
-3.701505499512421675e-06
-5.869786817189668845e-05
1.320114097488477196e-04
-6.935714120349482058e-03
3.531415605478012767e-03
-1.820643356722474737e-02
4.058847586199761830e-05
-3.817463447833748110e-05
9.065149806401445287e-05
5.070415003569844932e-03
8.994767577254286772e-03
-6.110020749870815476e-03
1.121572637603244136e-05
-1.875727591248099342e-05
4.937578766789001925e-05
-4.851881929581484433e-03
-6.932339439954837354e-03
-1.176430708472394997e-02
5.464974673390540072e-05
5.837825956290451792e-05
8.418558262926443560e-05
-1.068912996565958562e-02
-1.125984976769296318e-03
3.969605060606266715e-03
5.092801479027344149e-05
7.773539856644437845e-06
-4.793314581021466795e-05
-3.683418218837535268e-03
-5.417109298807019739e-03
-1.135045311335211235e-02
2.650199310841466974e-05
7.226332062754255105e-05
8.714221672008485773e-05
5.800658024173481996e-03
6.339064822545375719e-03
-9.352395062463881616e-04
-8.222617159419898225e-05
-6.896693380096408793e-05
2.242359971837300361e-05
-4.725000297471335792e-03
-1.820561203217075166e-02
2.016904350201860485e-02
4.880291575151737957e-05
1.212596075947009372e-04
-1.587688570190763063e-04
8.971785372010109699e-03
-9.094724785198658040e-03
1.222223377220595618e-02
-4.532478619904549048e-05
7.051710732965111011e-05
-5.275355049177374186e-05
8.220005963617146860e-03
-9.952353604175236471e-03
6.266887798820875398e-04
-9.571240688890992926e-05
4.055414155243990674e-05
-9.517224280515533156e-06
-3.371040614945840404e-03
-1.383132535182794156e-03
1.499608627161852850e-02
2.078719527381794489e-05
2.229506978933051289e-05
-1.323108379209610630e-04
4.578873599659349751e-03
1.097531445959108037e-02
7.599175263017805132e-03
-4.597266422290786296e-05
-6.097860567594802597e-05
-6.324377212236874509e-05
-5.631077644472991641e-04
1.220456668801388200e-02
-3.364334695235315139e-03
1.179046862985513867e-05
-9.009464561944738423e-05
3.137698770966444972e-05
-4.375177944167788283e-03
-1.426320534465880946e-02
4.646821877465539229e-03
5.731082787295355889e-05
9.965527064673974087e-05
-6.555900847371188547e-05
-2.361707860824651360e-03
2.711575688718071558e-02
-3.509850870937462897e-02
-1.264191696055165619e-06
-1.779127609887574285e-04
2.455965847626211357e-04
-8.406056469740548834e-03
2.837728209071014446e-02
-7.674555619878765077e-03
4.221222859131947258e-05
-2.265732037176522180e-04
1.875088514497675585e-05
-8.665702287138756302e-03
1.491036679890948499e-02
-6.861625221665217100e-03
7.770036672525623266e-05
-8.123087348597726721e-05
3.797160742736095960e-05
-1.092302975112533631e-02
-1.519657308052602997e-02
-8.056351935800176722e-03
7.458297209107237673e-05
1.001570093756480004e-04
7.727742696093963838e-05
-6.633763124269847870e-03
-1.637386937348454807e-02
-2.875360485789676263e-02
-1.310579020562456980e-05
1.425665397771450494e-04
2.355280554742304462e-04
3.407876503985618651e-03
-8.157391687272945099e-03
-1.651515094864870054e-02
-3.860299865714584389e-05
4.889726557493718020e-05
1.409757838032217332e-04
-9.673935816294538734e-03
6.434136009353043535e-03
6.503071226315335421e-03
2.572657601947375466e-05
-3.793650750421870749e-05
-2.484757277383136637e-05
-4.397773781444709075e-03
-1.203060611494279758e-02
2.674277484602655477e-02
3.540794353969575108e-05
6.264251110081129194e-05
-1.772529455728582702e-04
1.124304316293520123e-02
-2.176565112517124881e-02
-9.730878549956129345e-03
-8.009331526348004257e-05
2.159389994934142400e-04
1.359899777777929110e-04
1.226204911314697802e-03
4.725374035476963448e-03
-2.342040034917293456e-02
5.884452509619252807e-06
-4.559290936124471176e-05
1.939961124812616272e-04
6.006529469569293206e-03
1.917805203508206671e-02
-1.066245411974074382e-03
-1.893584486329421757e-05
-1.183253287682055609e-04
-2.628079761181862254e-05
-1.328461470453469288e-02
8.094975843542484908e-03
2.732740111421562423e-02
1.227138281888649426e-04
-8.001451513993131884e-05
-2.274829676185083100e-04
-9.821095516692201349e-03
-3.694300433271601944e-03
8.326340912003481198e-03
9.366008181290933323e-05
4.321186752611164036e-05
-9.824078493988015130e-05
-5.523413065325507611e-03
-3.250291172337280935e-03
6.201519834203594178e-03
3.046379125457784616e-05
-7.930112236649280844e-06
-4.740053329382647797e-05
7.542984203474236565e-03
8.208920057896558833e-03
-1.576347710624854612e-02
-3.587348743477045739e-05
-3.863693550003187871e-05
1.065308184933822677e-04
-1.584672878453400116e-02
5.945844224676710005e-03
1.860671215307249660e-02
1.253579782286543161e-04
-8.098716939242920363e-05
-1.791924676201012525e-04
-5.778601640188721009e-03
-6.143196439274852677e-03
2.006870652418036097e-02
5.104096993925604116e-05
6.001040155905913986e-05
-1.927276457029626015e-04
-2.011141993694003094e-02
-7.496099338557839740e-03
1.777204392817127721e-02
1.339616490275347463e-04
2.382309054160494682e-05
-1.245676287172149427e-04
2.843599199813894376e-02
1.717409557369249640e-04
-2.585247346207744656e-02
-2.528730834212472079e-04
1.112616368075119016e-05
2.258263313532392423e-04
1.196335194159157435e-02
9.350573266225230273e-03
-1.236250122235679413e-02
-1.094544063866545382e-04
-8.129278682114302306e-05
1.331040275928254768e-04
8.385135002252543795e-03
-1.724711229833430799e-03
-1.489208400221164914e-02
-4.619610827250991816e-05
3.916755898367460753e-05
1.079346918551943644e-04
-9.455120437316562321e-03
-1.262687742602848842e-02
8.898117216293438547e-03
5.833383653540454429e-05
7.973522067485937551e-05
-5.224379784552955991e-05
1.616979140055482475e-02
-5.496275635580069596e-03
-2.410543435519062888e-02
-1.324929769838156573e-04
5.309033758176017522e-05
2.105460334914250600e-04
7.325956421379051231e-03
6.952400460932406032e-03
-1.662904068548814313e-02
-8.404726464490332595e-05
-7.696383343394788787e-05
1.638834393619764912e-04
3.423982996194194911e-02
3.002354112518278162e-03
-2.223389796074730362e-02
-2.704068624558115738e-04
4.089829617065369313e-06
1.817771978828738150e-04
-1.654997749656003658e-02
5.891308419597457088e-03
1.520127198276439995e-02
1.450015344378537976e-04
-3.684689492699169683e-05
-1.230768756646684467e-04
1.712821167117544851e-03
6.444360143785365230e-03
2.048140720346724921e-03
3.943211908616329332e-06
-6.260171368526625912e-05
-1.274911406680625385e-05
-1.906542179164300022e-02
-7.461270338948275578e-03
2.645918077127741401e-03
1.339266484096578668e-04
6.404939672382156906e-05
-1.164264994325888348e-05
-7.577379960442494171e-03
-1.116928194980718742e-02
-3.998905866541334862e-03
5.645833715916337501e-05
1.000844709631223685e-04
3.525022828570262067e-05
-1.860259612636416468e-02
1.034188135296420889e-03
-5.631668993663583971e-03
1.540200673123273353e-04
-2.933131942491841158e-05
4.210173107009052820e-05
-1.162402272839154274e-02
-1.885280796734562685e-03
1.116615121450932439e-02
1.326699493705517634e-04
8.637878600894309460e-06
-1.232845769391280983e-04
-1.164220626458260105e-02
1.851497891027662976e-02
9.499906448454666433e-03
8.839464106591604414e-05
-1.463096084507385349e-04
-7.313577281018330276e-05
4.075588186808397524e-03
8.459408664870595937e-03
-4.197477625868351742e-03
-3.079775263123533957e-05
-6.680168584555005692e-05
2.759079946221438417e-05
-5.005550282948556182e-03
2.226132422539520324e-03
-6.121634487688570880e-03
2.885047030349292713e-05
-4.509047340653795654e-06
5.405967219835828761e-05
1.686941692839561899e-02
9.951407995572298867e-03
-9.692902194774102864e-03
-1.451619203763544904e-04
-7.628912404438950709e-05
3.917518936968267853e-05
1.355775993226929557e-02
4.167165659189279135e-03
9.855221060416035836e-03
-9.855442996709005434e-05
-4.757767884872315408e-05
-1.057327780033749909e-04
1.526690044084147782e-02
-1.996330209029637936e-03
-1.346084051472690255e-03
-1.500965091523287314e-04
1.184349685452708150e-05
-7.133858449702872117e-06
8.597033156741979223e-03
1.497665342736059823e-03
-3.911233760100123538e-03
-9.409149492441632779e-05
-2.289329330882808791e-05
4.967232370011315641e-05
-4.022474838736301282e-05
-1.175096005510936625e-02
-3.767495729108436432e-03
-8.070228119769699132e-06
7.767597732596255415e-05
4.530953685821678635e-05
1.525839645450156878e-02
-1.284537048568556994e-02
-3.138589424242978210e-03
-8.271581972927711612e-05
9.690859478922580757e-05
3.079916798838986910e-05
1.104182504073880633e-02
-2.105723446551975402e-03
-1.112240830386678923e-03
-8.085103601524181653e-05
1.666463021230997211e-05
-2.622468813590523394e-05
-1.290355531182653392e-02
-1.160643893407363805e-02
2.825474291121037387e-02
8.589178137950825127e-05
6.628037033049825064e-05
-1.945188172187154113e-04
-1.448821149981129215e-02
-1.031553447551399744e-03
-1.641997985775632551e-02
9.467423572380261445e-05
9.039849567875255407e-06
1.621380635888102818e-04
-1.286493968050508863e-02
3.227996341732133814e-03
1.289554809661094641e-02
1.300919872614732145e-04
-4.524390711521401924e-05
-8.039562218088249000e-05
-1.631143896268554341e-02
8.278795805329797891e-03
6.293355539544835502e-03
1.588774602575705578e-04
-3.882057349331483970e-05
-5.458638012774045769e-05
1.228815708446687020e-02
1.038262560174984389e-02
5.913485324792360116e-03
-1.051868607061200292e-04
-7.596758697444752184e-05
-4.805512243856609449e-05
-1.137195742402683646e-02
1.242375172680010298e-02
2.623354817097162985e-03
5.229590383371843980e-05
-9.183351077695281060e-05
-1.870953451037677572e-05
2.178341488350334001e-03
1.220145655630395023e-02
-1.148827056831051418e-03
-2.455216833681261681e-05
-1.222451255775832909e-04
2.336916837273867695e-05
2.073160476623216175e-02
1.228657518463770540e-02
-3.248200325772191560e-02
-1.451096085131535040e-04
-7.534860790940587651e-05
2.158486280591228950e-04
2.529305085094256649e-03
7.305582691594458486e-03
1.685048290966239051e-02
-1.558377221658275167e-05
-4.456986739403445312e-05
-1.406690605347611547e-04
3.545100070789634385e-03
-1.543417601696032114e-02
-3.842446793457900307e-03
-5.226516814176173942e-05
1.635647625606581948e-04
2.571965300006208262e-05
4.546078759573224035e-03
-8.735463110211240043e-03
-1.545265457739168711e-03
-9.038498981222988068e-05
5.112507326918408463e-05
1.463824584422504961e-05
-5.734961670440021433e-03
-1.491670054364578613e-02
-6.457720610998187068e-03
4.846723203337888837e-05
1.211592240698346234e-04
4.808348266984480038e-05
-1.570472886016032257e-02
-1.487398878316526082e-03
5.348136141189177399e-03
1.245364847613314875e-04
1.065168183627985183e-05
-3.068964108128457882e-05
-1.490063716239173677e-02
1.202258100539419774e-03
7.818244863279796841e-03
1.377675459755692907e-04
1.493562249923900493e-05
-6.464575467984516176e-05
-2.214961008024961264e-02
-1.928260404927714189e-03
2.911236894333777553e-02
1.022090870347164802e-04
2.689873447816140507e-05
-1.550068432122693354e-04
-8.034229433090542966e-03
1.949564337084999221e-03
-1.264296658035150324e-02
6.653382293852453007e-05
-9.801763123963138364e-06
1.062404021341204494e-04
-7.025954840975726610e-03
2.558009794733341960e-02
9.137694501717112325e-03
7.346660226610016858e-05
-2.298241736301531973e-04
-4.015272967689336798e-05
-1.023593889784104455e-02
8.113067424104164829e-03
1.129376846821108539e-02
1.198323129345097403e-04
-4.057281408646140700e-05
-4.215441220840591448e-05
1.756566742014848900e-02
1.741412786399487017e-02
3.066801138665562181e-03
-1.538247213457588647e-04
-1.412236940771858888e-04
2.843514580935669269e-05
7.238619779531249403e-03
-1.971262796389833261e-02
1.035575267964884000e-02
-6.531776302309568697e-05
1.839095441203337004e-04
-8.609637918122841867e-05
7.089449911402280306e-03
-8.992176900248255444e-03
-5.920004932058285131e-03
-7.604592288701941772e-05
7.420370281102042114e-05
5.324622649844614283e-05
6.121929918819919367e-03
-2.291992549625869197e-03
-1.526782850368004624e-02
-1.172064368435686655e-05
9.755822672843634567e-06
6.290562761764011818e-05
-1.253670098535951069e-04
1.008242072978099424e-02
6.575171912950198393e-03
2.091648010189413740e-05
-7.528949319407050725e-05
-7.901459852838902743e-05
8.379734110568162059e-03
-1.637661633578828616e-02
-1.130140506646583679e-02
-6.289819768867203887e-05
1.725161576140631851e-04
5.874615062285001778e-05
5.541601751115062674e-03
-2.041390011230352630e-02
-4.373257250069676090e-03
-6.410262046981170974e-05
1.942053782553566715e-04
-3.287929270157343635e-05
-7.534909142199040094e-03
-2.844958034930435489e-02
1.618226743255299360e-02
4.764113175208989674e-05
2.299615786485563061e-04
-1.507959789992152817e-04
-1.316506182099209683e-03
3.023535629126272370e-02
-1.911707079511995632e-03
2.216644976316745869e-05
-2.787213460272933564e-04
1.175206087256041906e-05
-5.425101409291213650e-03
1.633056035322396488e-02
5.060962362585553174e-03
4.887537962646411652e-05
-1.466963876788661208e-04
-5.314617957165627352e-05
-7.069534849915664471e-03
-3.577091029176119978e-03
6.474573955329281788e-03
4.668726873789881185e-05
2.627010782068264359e-05
-7.071878626771446452e-06
1.942555267578081109e-03
-1.807236145653942638e-02
-1.081896012596981517e-02
-3.475285111422328390e-05
1.417105180110627793e-04
1.064059469232841234e-04
-9.597699979037057488e-03
9.062204124976703384e-03
1.167806119622683859e-02
8.601363793012397284e-05
-1.022120931765352976e-04
-6.277480270807231290e-05
-4.973211630059619012e-03
1.772393077883978665e-02
7.855055105851934533e-03
4.193478677970014895e-05
-1.751680884244887198e-04
-4.174987945647470254e-05
5.728682771289275201e-03
3.707560513018850340e-02
-7.751669979664264735e-03
-3.315171976504472013e-05
-3.303885442636000989e-04
7.277766654972770972e-05
