# Mean fit:
# N_phi = 9
# N_t = 4
# N_season = 5
# N_euvac = 2
# N_tau = 3
#
# Stddev fit:
# N_phi = 3
# N_t = 7
# N_season = 7
# N_euvac = 2
# N_tau = 3
1.939989537350528259e-01
-3.503542116040081478e-02
-4.663861428825322175e-02
-1.566433553096443967e-03
6.450366402720162685e-04
5.673798217525721473e-04
4.753791193856422848e-02
-1.632999720896018969e-01
4.390559390036359588e-02
-1.182224934257521337e-03
1.695702698943582151e-03
3.264367138746833690e-04
-1.125678114366406024e-01
7.564076680237753758e-02
5.943537575296812397e-02
1.200134916958405743e-03
-5.475206484515137469e-04
-5.855231499313926164e-04
2.088911226654006914e-02
-4.105791539772458976e-02
5.576562186633457485e-02
4.229097160552766090e-04
7.692311700268782051e-05
-8.712483581144898079e-04
-1.215949686727829798e-01
-7.905193306939544556e-03
5.216338604834726972e-02
9.500015592753299461e-04
-3.045295007761195170e-04
-5.994011282217092404e-04
5.701392312957723196e-02
5.593455813525638476e-02
1.410942371891743541e-01
-3.007244969597351798e-04
-3.793579762561412826e-04
-7.656596450194405514e-04
4.338531379712433356e-02
5.294860571807912669e-02
-3.057340605196512753e-02
-3.766239649396765313e-04
-2.407488419633604883e-04
4.477229527372463620e-04
-3.457079191769278637e-02
8.296803953752308197e-03
4.361842767882984952e-03
1.401991795697764243e-04
-1.227118007147555521e-04
-4.396717899639734933e-05
7.575229268916916503e-02
6.624725483104829116e-02
-4.934160131435869068e-02
-5.852614626888705133e-04
-5.333229042372709169e-04
1.809347291897508980e-04
2.357410953509058230e-02
-6.350593806388512251e-03
-3.378659817178317898e-02
-3.152195234811665551e-04
-7.488568108312834367e-05
1.346208387786624206e-04
-1.778238965507663097e-03
2.547696053773288241e-02
-5.323989682484512459e-02
-2.098248058816504767e-04
-2.091800926527781089e-04
3.195804306299514295e-04
4.717529896250172855e-02
8.587240125490371023e-03
-1.006996208095245655e-02
-1.364917649330557039e-04
-8.208089466504635225e-05
5.878871862382600068e-05
-4.284547878784555203e-02
-1.921348753678207150e-02
-1.190936538700314816e-02
2.597978860401074200e-04
5.997282290239526768e-05
-2.454817518655046666e-05
-6.947593922493847975e-03
-2.131295081728009841e-02
4.303281628672089854e-02
6.421323141792571927e-05
1.640174425883180170e-04
-2.124804105226219984e-04
5.988630566440675262e-02
2.156872325882113611e-02
-1.638627563049953328e-02
-9.911191156254394753e-05
-1.128781675473316935e-04
8.858851133605361743e-05
-5.324021856810149528e-02
-3.398486054384917965e-02
1.753587133748009050e-02
3.444647396126496630e-04
2.764385940331276449e-04
-4.188914461882811447e-05
-1.321630225326225197e-03
2.239679994359784071e-02
-1.833880304199456829e-02
7.523266141368278924e-05
-7.428464812424292302e-05
1.757505473564629594e-04
-1.863494463357511042e-03
2.750157433331549758e-02
2.477360238260147354e-02
1.263222725377408573e-04
-1.802945126834167217e-04
-1.600545601296702355e-04
-5.324564142542435874e-02
-1.037452494855358072e-02
4.886749055190617828e-04
1.591998137577811895e-04
9.152699086634226845e-05
4.267082009032535005e-05
3.193652036787829329e-02
3.899501550694742941e-02
-8.970051897428709189e-03
-1.741682167931783698e-04
-2.383163798240645070e-04
1.226930212438893779e-04
-1.960958998779451304e-02
1.028683267257098424e-02
-2.705489038346114289e-02
9.011802090783966191e-05
-1.110559302601284637e-04
1.374306140906042582e-04
1.856320678578222971e-02
-1.233511650964041508e-02
1.523162838172693878e-02
1.138664373914048439e-04
5.970283623044642519e-05
-9.407992980905554702e-05
1.863931258308153260e-02
1.818921741988208801e-02
-1.713779166250789868e-02
-1.980741742258315848e-04
-9.667901855253491575e-05
8.681545826711033653e-05
9.185878380193957665e-03
-1.087973492683682805e-02
1.324218986007678726e-02
-7.652447127671657310e-05
5.310348405502492749e-05
-1.371684961656635801e-04
1.800324084488513269e-05
-1.882106969646262992e-02
-1.149981101317301170e-02
-7.505453135988873683e-05
1.093875446369664008e-04
4.478076147095286306e-05
2.692866634711978124e-02
1.146628232126953306e-02
-2.293058244293616835e-02
-6.807119830055603554e-05
-8.090957990675712980e-05
1.016697593781296918e-04
-1.129014181722787225e-02
-1.955105803489424685e-02
1.970703982819219449e-02
7.333791569450875004e-05
1.329116856597547104e-04
-1.673677058780417533e-04
9.532709373103728789e-03
6.906814790877789309e-03
9.839574768609839206e-03
1.081905915753995329e-05
-4.124524999397720225e-05
-4.162559961604097810e-05
6.837886184323387073e-02
6.669389291702247820e-03
-1.339401623504809201e-02
-2.534855893059866213e-04
1.378810680137994739e-05
1.110526003040304905e-04
1.261389608622583147e-02
-1.838995962645763316e-02
1.784107877053635327e-02
-1.339567342917469503e-05
8.722338326165402303e-05
-1.821903682994564322e-04
-1.997597495398453771e-02
1.595787057089870231e-02
1.820886024305730724e-02
1.157114824410674189e-04
-7.449706842183636797e-05
-1.131260912569064919e-04
5.794416297105873040e-03
2.510407513762139345e-02
4.346264572129798776e-02
1.573788878078968424e-06
-1.480652805940154023e-04
-2.713664718668313517e-04
-4.780279005733222009e-02
1.727836336787223715e-04
5.127127819123678681e-02
2.407006638052983224e-04
-2.478080281612948934e-05
-3.878354516869819820e-04
2.135376041330494870e-02
2.309998916698352209e-02
-6.993609821671672999e-03
-1.432821790005216005e-04
-1.747663010987652243e-04
1.032744823313127219e-04
-4.175088721571714248e-03
-4.437519039940854455e-03
3.657651923838695692e-03
-1.841991839406557649e-06
3.379161793490868869e-05
-1.041099850709188398e-04
-8.375247307646518924e-02
8.327310949221436789e-03
-2.246007405524351117e-02
6.662917372745658963e-04
-1.032591082613102578e-04
1.029740603597338198e-04
-1.446847836426906966e-02
5.735575119182385190e-02
3.306074393045838750e-02
1.423937558974921590e-04
-3.866070979761598121e-04
-1.038259969471081899e-04
3.275363910529177636e-02
-2.148812982599818469e-02
-2.600738693706571014e-02
-1.887190787282577796e-04
1.023492920958737391e-04
2.005898019688629678e-04
-5.879264473738576510e-03
-2.413358144569248756e-02
-2.932710486036493522e-02
1.785748798563632382e-05
1.288195354163789992e-04
8.679798521170734406e-05
8.719975745349910212e-02
-4.468674415950506240e-02
2.335738810231620909e-03
-4.794768791835031822e-04
3.097458058405260862e-04
2.146709726436032620e-05
-5.179041187393480100e-02
-2.256843171905348333e-02
-2.462028439016815395e-02
3.600475852196761625e-04
1.848279338058568695e-04
2.268138118241164473e-04
1.820719540615588217e-02
-8.632908571123108776e-03
-1.501728387397616334e-02
-1.437712276859514488e-04
5.287483965354680763e-05
2.210414896558439749e-04
2.414297024736337949e-01
-1.419084368753305847e-01
-8.857470588461544003e-02
-1.643997974570565864e-03
8.150564763807272755e-04
9.282115448962793228e-04
3.419388340627479428e-01
-2.121129372741163144e-01
-1.980500085503077157e-01
-2.503441397934022452e-03
1.089621804593973297e-03
1.843252065205520322e-03
-8.826386198787515569e-02
1.000098425176880051e-01
1.317719426534800231e-01
4.787393540726695112e-04
-4.155270115019406296e-04
-1.008472057793394477e-03
-1.190922277234747334e-01
1.570422904436893363e-01
1.495895897356378790e-01
6.220405749532508357e-04
-8.684331276456985337e-04
-1.121134646792563277e-03
-2.240781020539507340e-01
8.753607253152619061e-02
7.078775253908260734e-02
1.702545533891045276e-03
-3.157061915127346691e-04
-1.067229783873151986e-03
-2.930317263866387412e-02
8.592434793736043394e-03
4.568936276096596111e-02
3.210639226546969601e-04
-2.807548410846881867e-05
-6.352328878182255181e-04
-5.616413863528130733e-03
-8.260573627996026236e-02
-1.585558251903766702e-02
1.668217909212655139e-04
5.057475325381052692e-04
1.392314198438663470e-04
-1.105958181679893015e-01
-3.311506688183760844e-02
6.429533620387341275e-02
4.973815119692880093e-04
-5.677783235642735842e-04
-8.106914055875222205e-04
-9.626734617636147073e-02
-4.783533649525183173e-02
8.752316660343008314e-02
3.816910406490584213e-04
-6.519184587741980218e-04
-8.889893425947071291e-04
1.931851695414651682e-01
1.992211815444388523e-01
-1.712001856895897511e-01
-1.064975661896314140e-03
-2.627270883593805562e-04
1.567115176844987006e-03
1.792583154565806913e-01
1.516823761938402605e-02
2.286211534453221408e-02
-9.626242051077729201e-04
8.646353120000524126e-04
2.681234734505583204e-04
-1.176158744866026978e-01
-1.843620628375358117e-01
4.774935144407668752e-02
7.383940835467341654e-04
1.068715266798745235e-03
-3.910660122109370406e-04
-1.546625453266682326e-01
-1.083454004025309059e-01
-3.218966082580042992e-02
1.009522502409208530e-03
4.391262756934171752e-04
1.709346465755031265e-04
1.009275056335981746e-01
9.189780244794111541e-02
5.135489106373386514e-02
-6.751626506948076988e-04
-8.614315835437197063e-04
-4.568870037575633843e-04
-4.654178802427883822e-03
-3.164375141633259114e-02
-3.789658157362206514e-02
1.754241761641621487e-04
3.014901821121274226e-04
4.537470994115128261e-04
-4.750152570056851570e-02
1.747838355450814438e-02
-9.175806850635566392e-02
3.374333794936170794e-04
-1.335086768304535908e-04
5.846105422255449017e-04
-5.042739875286723211e-02
-8.103782966656657150e-02
-2.699169620529914479e-02
4.378427040113084243e-04
5.408690265568122249e-04
3.209424796334594187e-04
-3.006583980500901129e-02
-6.255386056617349847e-04
-5.198157149056229637e-02
2.454734311732735845e-04
-2.189045118855537775e-05
4.579476108044326383e-04
3.485790198627318915e-03
9.534232249127716843e-03
-5.706781568315314607e-02
1.342958727935594451e-04
2.446524650013144056e-04
5.637926700663367522e-04
2.279086240826996845e-02
-8.706704329202953965e-03
1.164377062927504864e-03
-9.908759873576578211e-05
2.511476760321429847e-04
6.124093060611094643e-05
-5.962698696392942921e-02
-3.982186422502266565e-02
-5.988443994101571438e-04
3.899420208343659720e-04
2.959387427710396461e-04
2.309170353182675214e-05
-1.113494582078413883e-02
4.198449352248503907e-02
6.963516516476593587e-03
-4.137843109974912223e-05
-3.306546635687783171e-04
-1.899849356240170396e-04
2.654535207342310216e-02
-4.720524383091106307e-02
4.763776544379116906e-02
-1.779627368849680442e-04
3.819150334995548334e-04
-2.624510832453665716e-04
-1.304281157408237503e-02
2.165046693489707658e-02
-2.851448838052976151e-02
2.230034567466850217e-05
-1.434368611163564032e-04
1.193947435656180970e-04
4.460042902708188928e-02
-3.378067283491161671e-02
3.358192449430222326e-02
-2.960253232866211595e-04
2.355282368456039326e-04
-2.941863057758047333e-04
1.973242300260951224e-02
-1.001540276621399987e-02
6.632604799550630148e-02
-1.661666195858061443e-04
-5.589450561261554768e-05
-4.898361843866020195e-04
1.541519652041041348e-02
1.679846015812012580e-02
6.466628692215636680e-03
-8.939766472649217756e-05
-2.354365135529516836e-04
-4.931477342219997133e-05
1.937463234552752600e-02
-1.808051971558655114e-03
1.381344240173124419e-02
-1.040568760417459349e-04
3.320631035953504871e-05
-4.714890702190925018e-05
-8.449346643654920969e-03
-2.800189301820477442e-02
-1.520070520900479102e-02
8.395868779200680448e-05
1.923323364953992811e-04
1.436660966646133557e-04
-1.506313681290469622e-02
4.122961122093554004e-02
-3.736523340905357343e-02
1.240031312895740730e-04
-3.712192890293862513e-04
2.563821436459554136e-04
1.957456151390404332e-03
-2.014243203478958619e-02
-6.256180077984666542e-03
5.194367928656279073e-05
1.466448467620622967e-04
1.521056522932592370e-04
-4.327605323586963121e-02
2.387427568730204550e-02
-2.484987074511633628e-02
2.849842926374143086e-04
-1.408400292435670813e-04
2.363969620770564942e-04
-4.282507935090660786e-03
-1.115569899375320161e-02
-6.075492170818366094e-02
4.493827973043946404e-05
1.647393276237626829e-04
3.686461779999669597e-04
-1.165018148592520536e-02
-9.372127136834520339e-03
4.320077478272302263e-03
4.170284029210666343e-05
1.358760022977529148e-04
-2.832896354874154480e-05
-6.572219712461336259e-03
-9.877805157696126909e-03
3.774470559926253622e-03
3.208588004591023183e-05
4.859642401685442431e-05
-7.271834115345596650e-05
2.581260657400701389e-02
4.698286386106569762e-02
8.657564097582431256e-03
-3.308017975298774044e-04
-3.846045040530123612e-04
-7.855119006926814570e-05
1.971225159714150299e-02
-5.589703023208116711e-02
2.655904373600291926e-02
-1.556705935923930449e-04
5.013866047403248063e-04
-2.223760854331008200e-04
1.263367153879971228e-02
4.179551485332903826e-02
6.394503697194764413e-02
-3.314411975863083447e-04
-3.933049463405689783e-04
-6.015920592404367436e-04
5.765203021464549576e-02
-4.010482623190571999e-02
9.316071364644977829e-03
-3.398117471702724059e-04
2.911757138398144242e-04
-3.355395957028325352e-05
2.295921166682468595e-02
2.491971082862757397e-02
7.182796558441029156e-02
-3.104347962982763982e-04
-3.071750956610953365e-04
-5.166197954030583676e-04
8.554731678842460857e-03
1.886135535793452903e-02
3.624869268407103582e-03
1.475793662578290489e-05
-1.942887383436289739e-04
5.073484065720741931e-05
-1.010213545192883457e-02
2.778449015655234944e-02
1.376954695821776264e-02
1.255045693586649237e-05
-1.879628124865799553e-04
-4.102188194177504174e-05
-9.596772369194847552e-02
-4.645311888417295865e-02
-1.793609404804881804e-02
7.832889930009233901e-04
2.741118278783035139e-04
9.804680178025777630e-05
-1.700745656707459627e-02
1.229520645365082682e-01
4.211013302693177723e-02
2.049239488083063395e-04
-9.979714484138872427e-04
-2.147046353204700570e-04
-6.865369780188862459e-02
-1.149639478358443073e-01
-5.960483076961253096e-02
6.980874300098835082e-04
9.189448542513606105e-04
5.976850927552321323e-04
-9.328299886664440099e-02
-2.124270304686990199e-03
-7.004904260751291546e-05
6.207861577851088875e-04
3.595342557953118970e-05
-1.224220717840074809e-05
-4.735694402593601526e-02
-8.930240410040282684e-02
-1.539469339372629732e-02
4.527802458325315893e-04
8.827888598804906149e-04
5.297580247233752896e-05
-1.348903812257223021e-02
-8.111973349701333269e-02
-7.665089429634768664e-03
1.136381361705953059e-04
6.393405741543420860e-04
-4.119862893534624777e-05
1.433815180857481858e-02
-3.007873906410124185e-02
-3.071732799119371998e-02
-4.772617323577619148e-05
1.501072295994684163e-04
2.653442983656270041e-04
1.187292972398591717e-01
-2.436971099814884134e-01
-3.582832943385017704e-02
-1.292145236277407547e-03
2.073814915953105676e-03
6.345950993514481346e-05
4.931746528232902604e-02
-5.688156731057222304e-01
-1.419611225749116135e-01
-7.718276011606170495e-04
4.833836660377037985e-03
8.678675776845275235e-04
3.916068231099392172e-01
3.469873412231987420e-01
1.648393697001719338e-01
-3.207180218379558374e-03
-2.631331225932946605e-03
-1.322069231663811333e-03
3.517783720217330101e-01
2.172897509333436838e-01
4.718298632761259298e-02
-2.606483139021910454e-03
-1.527168108436862543e-03
-4.072544877005717821e-04
3.299211788541881775e-03
3.416057964955783177e-01
1.276697892290376279e-01
-3.182518890163686860e-04
-3.232744429813220674e-03
-1.098737076920635464e-03
-3.564869565896614662e-02
1.752552792274645888e-01
9.866542151871501853e-02
8.246155107942945687e-06
-1.429717756604241769e-03
-7.259543768232086048e-04
-1.105498510724366307e-01
-8.488698588534529521e-02
-2.881078090484677154e-02
7.284263041914297576e-04
5.259675079292683211e-04
9.541543846883904353e-05
-1.770299544195589603e-01
8.799137683489001438e-02
9.902774094414430739e-02
1.284124759272674884e-03
-1.025731480113188784e-03
-5.683959132135194209e-04
-2.173492726700346767e-01
6.436715719262454949e-02
8.744392895155987666e-03
1.286134999990030860e-03
-9.341600057978849186e-04
-6.868600295333757925e-05
9.640629137795891923e-02
-3.483051915796155362e-01
-1.003541715928404909e-01
-8.111118377142065902e-04
3.072078259647348115e-03
4.687817901985744172e-04
1.853003698386206100e-01
-2.373425746218406074e-01
-1.039683635334164025e-01
-1.192817662532770712e-03
2.227620371228497195e-03
5.066162702781214873e-04
-1.710340182928454800e-01
-2.998107135441873891e-02
-4.534273358920464653e-02
1.278198292230885028e-03
-4.862474816353735599e-05
3.720107068830561426e-04
-1.617211630411915790e-01
3.628712636997848823e-02
5.908392477879814003e-02
1.015018909794465152e-03
-4.718409525557335730e-04
-3.599403487357549542e-04
-7.415065557057476386e-02
4.419734496860721479e-02
-1.268391014447566544e-02
5.407608008482725102e-04
-4.677522310256437550e-04
9.755062478518757496e-05
7.788110388405644624e-02
5.433694908444046401e-02
-1.074216159151667772e-02
-7.426238243176404947e-04
-2.663352047292822235e-04
1.383747238176715171e-04
6.641847093161516724e-02
1.141680616018093120e-01
6.085441637458383068e-02
-5.445177377329075367e-04
-6.436786483769220977e-04
-3.070844942536050601e-04
1.233033292637162048e-01
1.211038177870105703e-01
-1.123574391597052975e-02
-9.887767841067292198e-04
-8.308698828044387393e-04
1.463518508049678414e-04
8.929733342806864260e-02
3.406929721564298102e-02
5.480452707957090761e-03
-7.202556711023079972e-04
-2.042235237844887495e-04
6.758884714756707918e-05
1.304461115412783589e-01
-5.786715175971222230e-02
3.171196133567950881e-02
-9.303034254118110842e-04
4.609827015458016204e-04
-2.250403854010561754e-04
3.682886136681966932e-02
-1.070844058837900487e-02
-1.262588404624506895e-02
-3.018546521579878236e-04
1.522391998227014937e-04
1.472684779724165425e-04
-3.959475461078111602e-02
-2.374327570166323217e-02
-1.894449154645172495e-02
1.672790572003423043e-04
9.187537649470854824e-05
7.076453749267726712e-05
-2.812486920139305874e-02
-3.717860482647374239e-03
3.545396482271218064e-02
3.439097573227926290e-04
-6.182562315311133507e-06
-2.982562691356527816e-04
-1.018441845824619163e-02
-5.048394462156020890e-02
-6.872738606379537318e-02
1.186109561020602394e-04
3.149543575534057677e-04
4.322590242799820466e-04
-4.343332911673789681e-02
-5.583666973511770132e-02
3.210236917247645538e-02
2.918318094997711344e-04
4.162849267470518757e-04
-2.567369852754312594e-04
-2.822522644239711109e-02
2.753692601817622765e-02
-1.778598641222120177e-02
3.069026839465383580e-04
-1.500190573516038412e-04
6.600206022354843409e-05
-9.174888811610203143e-02
2.895376888884870423e-02
-1.864169300282263880e-02
5.432932390788397644e-04
-2.504013838813820623e-04
2.010012628433128655e-04
2.334877796903063463e-04
6.317512083470960133e-03
2.628518127808828972e-02
5.168319466950358664e-05
-4.342732526731209051e-05
-2.261139747736701830e-04
5.039612132173124613e-03
5.137806287394621092e-03
1.968315640768326588e-02
-8.093952083924655746e-06
-6.535640484919487774e-06
-5.784158289301857879e-05
2.367382625767587914e-02
-8.602999677679589591e-03
-1.726607383427934683e-02
-2.704597320399787855e-04
8.388070154059782042e-05
1.798415008811548861e-04
1.058769013589798066e-02
3.628105880968741925e-02
2.947438012831194581e-02
-1.440661781599530847e-04
-2.425505326808198234e-04
-1.529946917570665788e-04
2.179515413610621025e-02
4.827935109973066630e-02
-9.517288992188137689e-03
-1.666715287028457083e-04
-3.180536678607094429e-04
1.220911071977494094e-04
2.249339297641478330e-02
-3.370707737067785842e-02
-4.915954963650952594e-03
-2.431827826862619293e-04
1.850224670899966635e-04
6.086451487029814175e-05
6.324123986297973399e-02
-2.466766257594160336e-02
1.594837507246190875e-02
-3.772447792891501866e-04
1.490347861129239252e-04
-1.482014870666992961e-04
-6.452255169364695501e-03
2.170567053989350473e-02
-1.015301250128438325e-02
-6.064017170866043872e-06
-1.340797083923241583e-04
9.076331794652286772e-05
-9.491623365492902684e-03
-1.737618369247845643e-02
-1.146667303926024624e-02
5.354860747939499665e-05
8.651660607418101855e-05
-2.196005659644339350e-06
-2.904055606225504002e-02
1.128447826962753961e-02
8.610790538445311018e-03
2.376232944924559862e-04
-1.845415286462579341e-04
-1.305832230673619246e-04
-3.574349505683012494e-03
-8.033629523386920379e-02
-7.236286387205360937e-02
1.188360935830942212e-04
6.413432772994656726e-04
5.817051697406450030e-04
-2.090892348826185396e-02
-5.683858536855349031e-02
4.660582779894109282e-03
3.066230804044421188e-05
3.062569169600432451e-04
-8.026607273690957432e-05
-4.364565975291458816e-02
2.143357785023339290e-02
-3.645065621766419017e-02
3.937957463189591676e-04
-6.718371324277943690e-05
3.105293945741530626e-04
-6.794020101601010164e-02
4.968490768236005078e-02
-1.367273090166909628e-02
3.675451364530912769e-04
-3.784276653677370091e-04
1.375528648834307836e-04
-1.723037962544000587e-02
-3.346168921298434823e-02
7.497871169192812241e-03
1.460655318973528411e-04
2.104800733259281514e-04
-5.965882593826452192e-05
-7.333598930786450719e-03
3.297792651694763516e-02
3.034539529106891967e-02
7.198189106114781478e-05
-2.363738907740832744e-04
-1.119845913413083487e-04
2.968864995873181714e-02
-1.219364160533273171e-02
2.234186790580297913e-02
-3.006661165506773641e-04
1.181472349959160020e-04
-1.927210568161465414e-04
3.693593724939671363e-02
1.300504376697006192e-01
1.872235726123254174e-01
-5.012649297751823729e-04
-9.403042708414331447e-04
-1.391613953782159466e-03
-2.406467916190776352e-02
6.162804338868207304e-02
-2.454365409272318745e-03
2.276212312561919115e-04
-3.854637671033451520e-04
4.164639917482822933e-05
1.421024026336731479e-02
-3.863182331875189557e-02
1.732002086695789284e-02
-4.398178937410995951e-05
1.239304258224229913e-04
-1.142323602821300032e-04
2.932012187245710416e-02
-1.382026466299590972e-01
6.497618317144517389e-03
-7.198995537590782516e-05
1.072293164870954116e-03
5.128247158646298304e-05
2.478443587857242017e-02
2.135518015937760278e-02
-3.851338237822784366e-02
-2.128533631277652058e-04
-3.497794414309322939e-05
2.090425657421229573e-04
2.913013576324081227e-03
-6.452644610222992017e-02
-4.147606627055491768e-02
-6.350499284559082361e-05
4.038558315640898870e-04
1.348529089407362106e-04
-3.617283299302925109e-02
-2.571027493391287999e-01
-1.735011322223328212e-01
6.569470803280097167e-04
1.744262696448557358e-03
9.243857668444067748e-04
-4.608494674142980807e-02
-5.093819935537347021e-01
-4.218154083800917942e-01
1.171396451190321328e-03
3.567435856559552330e-03
2.527013892454199346e-03
-6.527929958226544316e-02
1.484795368331108256e-01
1.185428572879525522e-01
4.371012029211103771e-04
-9.461197341786650597e-04
-8.669840651404112997e-04
-1.719563258552094243e-01
1.684488048925879278e-01
8.583151825921464528e-02
1.265092661407312595e-03
-8.948695372311110110e-04
-5.100471566514794578e-04
7.367162092233843496e-02
2.603115158174605925e-01
1.703193724272201726e-01
-9.198515104140978817e-04
-1.909277700238021670e-03
-1.033622624549332489e-03
2.203164080931912724e-02
2.279024601941296441e-02
8.258217400938036579e-02
-1.371614219388143832e-04
-1.850326424873602023e-04
-4.281680177452895967e-04
4.274497958994512292e-02
-5.429167249720716348e-02
-4.629308069411292026e-02
-4.080136076956855326e-04
2.750584886569705815e-04
3.206670994487703565e-04
