# Mean fit:
# N_phi = 9
# N_t = 4
# N_season = 5
# N_euvac = 2
# N_tau = 3
#
# Stddev fit:
# N_phi = 3
# N_t = 7
# N_season = 7
# N_euvac = 2
# N_tau = 3
-8.189387927705436832e-02
-5.018953943177136695e-02
2.994152458659074187e-02
1.837912680266731377e-04
2.491029083551660563e-04
-2.703116551999378372e-04
1.364259594272910492e-01
8.925007479085386719e-02
6.565537738686323677e-02
-1.080388712660212795e-03
-5.714089575494246545e-04
-5.407387045594380529e-04
3.950002648594888588e-02
-2.606861795470125434e-02
-2.114180539480981641e-02
-2.635621209756994644e-04
1.489193764707684746e-04
1.467488550390602371e-04
5.409216263608348368e-02
-1.386020205829481024e-02
-3.709233906952853765e-02
-3.603550965755067891e-04
6.354740177528968032e-05
2.244038941522497727e-04
-8.684058681458830045e-03
5.030184233030404913e-03
-1.434428822553763735e-02
2.280105033091354245e-04
-3.763829845889450854e-05
1.898075556384425989e-04
2.345264134170464143e-01
7.319578265098115877e-02
-4.858054808337883973e-02
-8.907698364818097308e-04
-4.150503579680488988e-04
4.065575625647524223e-04
-7.303246707731538001e-02
-1.286392510846889325e-01
-7.952525279158846605e-02
9.168911694864954496e-04
8.858240729444168994e-04
6.947798032815719798e-04
-1.660838174763189234e-02
1.476754898358570434e-01
5.818422738616338408e-02
4.180231090414822837e-04
-8.056230118151805559e-04
-4.332968164763174434e-04
-4.140353292650256201e-02
4.562160256332205288e-02
6.627675873188014488e-02
2.437184414854369941e-04
-2.616343127196246732e-04
-4.419043385776013017e-04
-7.906873834392676159e-02
3.693317782822645029e-02
2.566454516055222818e-02
2.214675378220622615e-04
-2.001472718700000300e-04
-3.581049782884569016e-04
-1.985198266586213622e-01
-3.079321121280219342e-02
6.498709245927986045e-02
2.089381016309442909e-03
-8.149300820587787228e-05
-4.745750037033437591e-04
2.427946529094479264e-02
1.142246709528910165e-01
6.165226832752280367e-02
-4.282679620563472635e-04
-9.562693793099516547e-04
-6.134426586768872971e-04
-2.189137131830636712e-02
-1.563517062731472063e-01
-9.751023165455222075e-02
2.466201710668038095e-04
8.004500302794926398e-04
5.991907197123693329e-04
3.752288384772160118e-02
-8.993366578324263338e-02
-7.898521004213064634e-02
-1.630986851773820110e-04
4.591278118200321345e-04
5.344174400666324700e-04
6.548069258197378173e-02
-6.279139393068774999e-02
-6.156221545701495712e-02
-3.473800419733428764e-04
4.116264889324303556e-04
4.745661713017242664e-04
6.197099483828021060e-02
-4.781249733541456659e-02
-4.903756424982714385e-02
-7.197955952067015958e-04
4.540736272966450627e-04
3.419435914977934964e-04
7.983210424375025704e-02
-6.909387866879607154e-02
-2.446710024879987858e-02
-6.222772015439215990e-04
6.645286410916783921e-04
2.722125921157618326e-04
7.570922699848754711e-02
3.998985979784280831e-02
3.919585470243907438e-02
-7.356906693620823617e-04
-2.177334649546271649e-04
-2.443174052775531880e-04
-1.400225633020024327e-02
6.643310529053662872e-02
4.294539269379243213e-02
7.938467898087634569e-06
-3.776242130764721175e-04
-2.806176516637663384e-04
-4.944995510844093362e-03
4.206097518343699521e-02
3.498891433212748120e-02
1.456164706380446424e-05
-3.459363029427920842e-04
-2.849876079831334570e-04
9.306165039129975225e-03
-1.529913153317451376e-02
-1.491936148797360848e-02
-1.145989129023921790e-04
1.205289766811578467e-04
1.170870359117735674e-04
5.839716291385244062e-02
2.623877769141481908e-02
6.917449737759691353e-02
-4.498619500316008817e-04
-8.612002887743001075e-05
-3.689240631362876682e-04
5.206708744962006141e-02
2.021897433986152934e-03
-3.654487814084440844e-02
-2.853335831541763969e-04
-8.079155557932966253e-06
1.745032458532307378e-04
-7.821823567616558240e-03
-5.231929527902947664e-03
1.816967009305890755e-03
3.304870607736591989e-05
2.062714203945820244e-05
-7.818829205318573029e-05
2.167583352410983044e-02
3.430838494666822724e-02
5.127907452906276670e-02
-3.367786954484440921e-05
-2.005184368512993095e-04
-2.998243945495542907e-04
-3.126024621042480800e-02
5.008048013927263176e-02
4.191206971582737972e-02
1.515869201285583833e-04
-2.921799192660146506e-04
-2.771341603165308363e-04
-8.538398067866889707e-02
-3.761865921846696548e-02
-9.613454163502355154e-02
5.966117049282745367e-04
2.308364554533400513e-04
5.071804879557417637e-04
-1.041286732594204345e-01
-4.776732535442010374e-02
5.190501013189366408e-02
4.313805573013983685e-04
2.743830900510973352e-04
-2.614524458792839780e-04
7.038991817717258140e-03
-4.894140694675450792e-02
-2.308765276608220479e-02
-1.235049138451721712e-04
3.181799980965277670e-04
2.684570271270507631e-04
-3.818277186276039514e-02
-5.739639612732427842e-02
-5.973675438644454605e-02
-7.181242413279650859e-06
3.055058944365777237e-04
3.143577414481751268e-04
2.176678741432621841e-02
-3.606588541132724895e-02
-3.124316907219388748e-02
-7.572890563413002974e-05
1.584264140970723371e-04
1.383861541839146315e-04
2.696387108377281544e-02
2.000311871039857706e-02
5.423528060145306473e-02
-1.303132732344120220e-04
-3.046200482501370882e-04
-3.054981572714081579e-04
8.844526878518907398e-02
8.164975405197712199e-02
-2.758728834289785395e-02
-3.325955338273676011e-04
-3.931986114368752369e-04
1.200419643615503165e-04
-8.311456557019382060e-03
6.905552056048833154e-02
1.493765952838468566e-02
1.713392036548739509e-04
-4.473329029205427962e-04
-2.511088145243700392e-04
1.150703986708307043e-02
1.618261038325435885e-02
4.747358026483881888e-02
-2.371205634058967381e-05
-7.651832841845245545e-05
-2.233282309606753220e-04
1.430194449495809927e-02
-1.884566349749483777e-03
2.018548449454070533e-03
-2.622689164718690607e-04
1.259558824988626111e-04
3.555932624623645000e-05
3.361999298931433316e-02
8.079164315203017990e-03
-1.095251391596609343e-02
-4.349494581819603753e-04
1.333465360578685657e-04
1.047490374956813877e-04
1.619798107340313434e-04
-4.612637773157634430e-02
-8.922706313493643238e-03
-5.532214289755638733e-05
2.183209574043827529e-04
9.230242023508106587e-05
1.901604479551065622e-03
-2.681016021134659602e-02
2.314762679414656896e-02
-1.983565693352376286e-05
1.289940343182220705e-04
-8.537687919546158206e-05
6.412958650615849243e-04
3.626430050710018754e-02
-1.049242337502123180e-02
7.962479618725556529e-05
-2.502119776933666622e-04
6.561326484494658885e-05
-1.065290983241255762e-02
-4.637322665095494623e-02
-2.732634691424558684e-02
-5.592548290209773505e-05
3.012410147688406080e-04
1.181921726167670540e-04
8.952868283726397522e-03
4.060350355432760378e-03
5.653105032522069001e-02
-2.044787595983735837e-04
2.306542459525255624e-05
-4.043542569812072539e-04
1.106509434262298169e-01
3.368215572938312863e-02
6.512503490857247945e-02
-5.305145543677843674e-04
-1.490250629000684584e-04
-3.781554466324416703e-04
-3.950544320736600751e-03
-1.885769980043406832e-02
-2.297584670104946616e-02
3.742608435950375460e-05
1.717392510882404942e-04
1.360151733206050109e-04
-1.982194802212539422e-02
-1.144394933117664874e-02
1.173550352133443352e-02
1.318443401290343329e-04
5.651871985901787065e-05
-5.380459817170723022e-05
-3.010338918086383903e-02
7.826554971801005789e-02
4.579633919003614495e-02
6.473384390222683325e-06
-5.216759608079009954e-04
-1.996314293983855823e-04
9.967932511981421329e-03
1.641941769282683622e-02
-3.216537426445988113e-02
1.479582877831814899e-04
-1.572778738369408954e-04
3.706908797269184452e-04
-1.575967915805871478e-01
-3.933756879691601566e-02
-1.269336587107161574e-01
6.758134428310935606e-04
1.970428042213051936e-04
7.445235984114935077e-04
-8.864041399753972567e-03
1.735768248623945770e-02
1.034126890622885479e-02
-8.462830437014317436e-05
-2.627563202935994258e-04
-7.012253208981367397e-05
3.042823760338833269e-02
3.065393766415678081e-02
-3.200435485869549540e-02
-1.995761204628318498e-04
-1.801909716860498672e-04
1.318942796549980737e-04
1.627937530165736099e-02
-8.777708970792109933e-02
-3.117261757767572292e-02
1.175980516740780021e-04
5.913556052374896888e-04
3.683631211164697011e-05
-4.517652466288116925e-02
-3.377422897017992587e-02
-7.652359426873300667e-03
2.309876464321140984e-04
2.844015945890196115e-04
-1.986241739446197225e-04
1.157844289681927430e-01
5.181365201409649651e-02
1.280077232191547121e-01
-5.536030884577900889e-04
-2.194434509475468476e-04
-8.258972476807555953e-04
-5.210473769240404202e-03
-2.426229731846630405e-02
4.429187595904098690e-02
2.240029357158795096e-04
3.333065083520794628e-04
-2.756021394218964539e-04
-3.141721443731250625e-03
-3.245295264053305040e-02
-4.076905950060209782e-03
-4.310358255450341301e-05
1.770703818484644797e-04
8.952815364730104606e-05
-5.537299040363484991e-03
4.066111308533436330e-02
-8.430992726048525121e-03
-6.715960907517257942e-05
-2.765341998779386281e-04
2.010315009932198713e-04
2.603816740792052123e-02
2.459084444661832278e-02
1.017622571325429472e-02
-2.377494639050617886e-04
-2.258071998795677191e-04
1.479972179235124327e-04
2.107132006340058528e-03
-2.218114925321390540e-02
-5.998422447846198796e-02
1.651335801325173755e-05
1.757320666801542001e-05
3.742838928368767996e-04
-1.728220600006641350e-02
2.087945445275226145e-02
-4.507325712647457933e-02
1.005799348673807339e-04
-2.368322452303033205e-04
2.729098030227801604e-04
-1.067848195433461489e-02
6.878351907809733198e-03
3.713655648793674768e-02
1.172509395594290010e-04
-7.876041232235896265e-06
-2.625030320806837894e-04
8.809216014354484536e-03
4.181106831037000732e-02
-7.284381345645900285e-03
4.162457237495761090e-05
-2.935864996302482298e-04
6.532071423944287632e-05
-4.715382640327742125e-02
7.654250885442070822e-03
-3.298145748246307518e-02
3.948014136674109437e-04
-1.420844802705543411e-04
2.329225467986926860e-04
-7.736205526848348446e-02
-7.104604633509317702e-02
5.860500901778871452e-03
4.441877831671260613e-04
4.056602616349711367e-04
-4.313446030252866153e-05
-5.197756380533112390e-03
1.525480672281182525e-02
5.660593399369264443e-03
3.907284220510462148e-05
-6.880558722922500668e-05
-4.936740162708516265e-05
-1.489680021047549985e-02
-8.366781098430343955e-04
-6.902325981942493850e-04
1.832019938092564970e-05
1.033569969035799679e-04
-1.361741822164772798e-05
1.455312522366922559e-02
-1.933570641263771678e-02
1.003421771837183056e-02
3.481556297965241663e-05
2.276269893868571969e-04
-6.915658847318108672e-05
5.619975961600209152e-02
1.615070753256157496e-02
6.037498058936078410e-02
-4.453924282566527632e-04
1.516416802594581897e-05
-4.159507099467205527e-04
1.186067882381213190e-01
7.302298017367367389e-02
-4.706333249008348013e-02
-5.527045999113623393e-04
-4.200640708660495146e-04
3.060988543638741718e-04
-1.763817099078806346e-03
-3.419235920963032554e-02
-1.796294415039672784e-02
1.120556630105283390e-04
1.484727728629429663e-04
1.376434302951356874e-04
6.071261099801601030e-02
4.437614212162957483e-02
3.499284366452499063e-03
-1.252088256117763713e-04
-3.536454695715345216e-04
2.106790090566456312e-05
-2.565083173980583012e-02
-8.171603790626627908e-03
-3.090479322739939083e-02
-1.347076385422143259e-04
-6.279626583301761796e-06
2.116393505481525556e-04
-5.867512473690543462e-02
-1.474024078130101167e-02
-5.382944799235637318e-02
5.010860521704935990e-04
1.636265143793214533e-05
3.963172014730356632e-04
-1.001763003831473986e-01
-1.467725132333472758e-02
6.904549030896782458e-02
3.385290335955418867e-04
8.279960831884823397e-05
-3.385787400201539571e-04
-5.742148120034187321e-03
3.486954295709153440e-02
2.884353608299771929e-02
-5.519857764167146339e-05
-2.066895545918305478e-04
-1.952905168796640787e-04
-4.892791022261958750e-02
-7.473313779668307177e-02
-8.132830140161364033e-03
9.699396665654133642e-05
4.800431396353504673e-04
3.279023342028776716e-05
8.179768858928035055e-03
3.619392702327907992e-03
2.922256222813196525e-02
2.810682207493602584e-05
-6.564136154898952718e-06
-2.005916999873960270e-04
2.491776287740055107e-02
1.517094463818170931e-02
2.123691850208605028e-02
-1.837721426765811226e-04
-7.776544575238573877e-05
-1.796604706003510305e-04
-2.698065376626392065e-02
-1.767444776739562559e-02
-3.124921773764781016e-02
2.702173662964491236e-04
9.406851506043123023e-05
1.411305944670187412e-04
5.464921056014775472e-03
-1.466602569017105839e-02
-9.370993132494452246e-03
1.984787633774209677e-06
8.529253788205547421e-05
4.924951216999531411e-05
-8.260658810237895807e-04
2.787882867766289588e-02
5.109058886544372291e-03
8.271470479490744803e-05
-1.631874487318221484e-04
6.510788515146440498e-06
-1.847458331040329957e-02
1.966259168358319362e-02
-1.495178499532953675e-02
2.314941679506294541e-04
-1.492777043422130402e-04
7.280326350487906380e-05
-4.264297154258656769e-02
-1.362802643754383418e-02
2.901234400428023483e-02
3.876610111341280440e-04
3.877504852548626247e-05
-1.800885137407598816e-04
-2.305160963115186062e-02
1.970497174649270267e-02
-1.200113224398092517e-02
1.053991614596229052e-04
-1.397481601490587052e-04
9.890662362042749230e-05
1.667368681460428340e-02
1.467173670628611065e-02
2.039375135576645785e-03
-5.439047451313209456e-05
-1.103817534253192432e-04
-4.995643112095381097e-05
1.122490515954779368e-02
1.340009042106233075e-03
1.414977912690392262e-02
-1.204778654563276754e-04
3.908848690815850248e-05
-1.265253130634572370e-04
1.503062780914737710e-02
-3.701421711679642179e-02
1.192800435178632476e-02
-2.737253310429088506e-04
3.013508393057772014e-04
1.386860772434447236e-05
3.969349518883746181e-02
2.922684090600932358e-02
-6.592256760488438005e-02
-4.223678989407079402e-04
-1.230116467197974709e-04
4.713979248615492970e-04
4.912017270423732485e-02
-6.224636839364135199e-02
1.383186408370374980e-02
-8.273285858089967477e-05
4.650646522742996275e-04
-4.640031031204901565e-05
1.571730264778213246e-02
-3.335925033661541611e-02
-3.381376176169161030e-02
-1.588060608884655448e-04
2.379072827120656559e-04
3.415236903957129732e-04
-2.135300291673269610e-02
-1.890676055836510230e-02
-2.274219797260658080e-02
2.163851359659272472e-04
6.624602112893235989e-05
2.634178059388480502e-04
-1.047477973319689039e-02
5.988235880331696168e-03
4.280733729276261883e-03
1.191617784992064311e-04
-1.339293697697430618e-04
-2.126898497660767418e-04
-3.559155551614333335e-02
-1.609151264419153918e-02
8.005298236999872086e-02
3.694702003318970111e-04
3.515753281862652265e-05
-6.291701652055056021e-04
-3.270982955970425793e-02
9.415923117846798640e-02
1.413258893513766323e-02
1.761350022792193548e-04
-5.767698525372937784e-04
-1.632530975457428628e-04
-2.908407644348253232e-02
5.599130366596963976e-02
3.347464762571203400e-02
2.305590362538036966e-04
-4.095093527636973888e-04
-4.172012776348346295e-04
2.187720164769206554e-02
3.629203371272875234e-02
2.753040693260910138e-02
-1.020317950767288598e-04
-2.121252355548689514e-04
-2.763137298981318797e-04
-3.847548575359350988e-03
9.950311275335294373e-03
1.237999881210799904e-03
-4.459312360551012303e-05
5.280680893667918664e-06
9.290010478608464351e-05
3.088391110403224116e-02
1.355553209754289251e-02
-3.661272418598428280e-02
-2.572399201253060068e-04
-1.852245655789830212e-05
3.196471720756804166e-04
2.467757599986590208e-02
-4.700562141480070510e-02
-3.917942685735355257e-02
-1.847944383512840428e-04
3.085456459282552946e-04
3.026966908281340947e-04
9.342331178816014672e-03
-2.947702606922336308e-02
5.262371948824276155e-03
-9.347912460482932055e-05
2.054719988029053311e-04
7.349138823291858312e-05
6.275126918619768806e-04
-9.796726276952896339e-04
-1.770444164546212951e-03
-2.789968128794396176e-06
2.391014408033001994e-05
2.785808837212803570e-05
1.404950001336681062e-02
1.084061640377351199e-02
2.893828563431168066e-02
-1.836538336134381098e-04
-3.281803072613274843e-05
-1.105273485613066293e-04
5.127176694422217428e-03
-1.474996692892583013e-02
8.398717214561103248e-03
-1.466785035606710740e-04
1.364252285638852349e-04
5.554968713578108961e-06
5.816484706361398083e-02
9.511670210650052804e-03
-1.165950424511109224e-02
-3.237162528943353444e-04
-4.947747940205157903e-05
2.005474723817260845e-05
-5.364987184959922476e-04
-2.225871946624346023e-02
-2.714397720930908364e-02
-6.931863995389558513e-06
1.294097348840491833e-04
1.726882008410498702e-04
-1.441065480751955487e-02
9.674939003852852520e-03
3.750982909207595944e-02
1.330694552992598919e-04
-9.559707305221393594e-05
-2.234225900420561790e-04
-6.437441351185127503e-02
-4.657609399074764955e-02
-2.661714038828739276e-02
3.800010971737566540e-04
2.434819757696684162e-04
4.338194525954364313e-05
-1.737873311220668182e-02
2.331673509226174154e-02
1.671546355202301742e-02
1.798445793416672989e-04
-1.886589291304888508e-04
-1.753390252248477872e-04
-8.226931790231079011e-02
-2.631220287218878282e-02
-7.280737869733658330e-02
4.082483497735297454e-04
1.781810756053173292e-04
4.961680121590078063e-04
2.247132193107112194e-02
5.057702026461535078e-02
2.088827827690883585e-02
-1.307653200491621390e-04
-2.757001929724670866e-04
-1.958566960441898448e-04
-5.464930961762838428e-03
-3.875948241645962855e-02
-5.390110043745680729e-02
-9.290013917127748380e-05
3.191534283429437141e-04
3.239618077823112527e-04
4.772057063128590931e-02
4.348351457263726488e-02
-6.531911292859937466e-06
-2.740733210808101090e-04
-2.813341858276272121e-04
9.688916316272423073e-05
3.162611227131077729e-02
-1.758192072501960166e-03
-4.949963964520173731e-02
-2.297634045760794138e-04
7.266754371085636772e-05
3.960142495851242490e-04
3.452948151501462892e-02
-1.358401535661298704e-02
8.114673112748756190e-02
-2.347403530292193751e-04
2.119021303356388863e-05
-4.915179080809615715e-04
-3.993286392900321190e-03
-5.020477428527797548e-02
-5.244341900369679441e-03
5.161060511157252541e-05
2.700520351363980861e-04
1.355775067525584877e-04
-2.714637467679132396e-04
5.927010178260479212e-02
3.732314040687976370e-02
2.713077540986974230e-05
-4.369969288596353002e-04
-2.491351598364929375e-04
-7.994921091679230499e-03
-3.316991008444879815e-03
1.061076365710500978e-02
5.053978541255466702e-05
7.882708266611707771e-06
-9.109828690424800004e-05
-7.525940791873762803e-03
-1.789661119816693402e-02
2.455442994276932356e-02
4.792308200719385021e-05
6.271223262657932762e-05
-1.935427270803513004e-04
-4.363128413940120000e-03
1.484293109899386710e-02
-2.028474184587378271e-02
3.088727514706752846e-05
-2.703977348299325457e-05
9.138326664647461039e-05
-3.337417763574539176e-03
1.562139975409901002e-02
-7.192506083788392443e-03
1.095347526077882294e-05
-6.236160181913801654e-05
-3.706355075346463983e-06
1.209222779371997960e-03
-3.107582497412763115e-02
-6.495855040936384089e-04
-2.996894566472086226e-06
2.052069311867158027e-04
2.740001785596560263e-05
-3.278625037682711407e-02
-8.225341080345829545e-03
-7.063822818868394950e-03
2.978403814314061621e-04
4.555681745484505490e-05
4.140644768322910034e-05
-4.185465339971816690e-02
-1.745477064475172563e-02
-2.651722669416628920e-03
3.914653481957127887e-04
7.933701516060023579e-05
-6.889499657917488708e-07
-1.668398357801769566e-02
1.717745783528277712e-02
-3.886830105274303462e-04
7.617464504606498953e-05
-1.059996530444746294e-04
8.537787446203245776e-06
1.369404050301383825e-02
3.310635103068956114e-02
1.617368048797854230e-02
-4.950695164927110806e-05
-2.065469570559365061e-04
-1.148759259365958978e-04
-5.995171851856233650e-03
-6.174258907284968685e-03
-3.874500152274487196e-03
-3.520001167433615507e-05
2.849533029977477220e-05
3.075870629613225649e-05
3.225719280996703492e-02
1.421974794011172764e-02
1.959217256625364958e-02
-3.155650771803430272e-04
-1.028615053438944056e-04
-1.656413254164406561e-04
3.359738247605949246e-02
-4.871372909699774392e-03
1.051750735125908318e-02
-4.166145020041425663e-04
4.603890961986345612e-05
-3.692102084612986353e-05
5.063436820571550617e-02
7.528371098692178409e-03
3.333158164417540648e-02
-1.443686036512923342e-04
-1.271127894669860320e-04
-2.734705501416614427e-04
2.900693408150860526e-03
-3.299647825770162662e-02
-2.476113072938130114e-02
-1.005123059420764308e-04
1.925202529794605745e-04
2.017260991081706986e-04
4.240068803265620301e-02
1.908362621417067709e-02
2.110844056213676250e-03
-8.373822727271618041e-05
-9.420011820098914341e-05
-7.265868966479397740e-05
-1.304044851681179611e-02
-2.107283302909742587e-03
-1.854769864700949247e-02
3.190954203070571504e-04
3.982944226552308063e-05
1.598554538360589909e-04
-3.238180407364589508e-02
6.336470384731078889e-03
-5.854050432179122750e-03
4.574640048833623603e-04
-1.833161829086968602e-05
-2.474182263490260991e-05
-5.376966357457951123e-02
-1.925155500213079083e-03
-4.671293325985230449e-02
1.714464963526194719e-04
1.820930465782804372e-04
3.852501027090442448e-04
-2.269478081133493794e-02
1.599952111955544459e-02
1.675542080354205585e-02
1.716265994300858358e-04
-7.421534935211034404e-05
-1.417071133574983593e-04
-1.241456006371283519e-02
-4.529912281367352855e-02
-5.360323444051364426e-03
-3.498157540550762032e-05
3.093098024008690723e-04
1.871588866258815857e-04
1.090641112704760635e-02
1.689103345984100757e-04
2.054300706470012054e-03
-2.128803297273908798e-04
-8.933347741110594494e-06
-2.270088722865440202e-05
3.168257700107914021e-02
5.146025746082119080e-03
-8.039551702783188231e-03
-3.954637151779684737e-04
-3.569249032760692304e-05
1.066336619210295238e-04
2.206782081308674218e-02
-4.567763175519338505e-03
3.692521698502009009e-02
-1.169909627362579458e-04
-7.061628978918618065e-05
-2.900869904470760804e-04
1.214618955742588144e-02
7.061562966271160702e-03
1.904642879292460685e-03
-6.917209825628244492e-05
-8.832961292645504739e-05
-3.149717963080757028e-05
-8.051121054723109349e-03
2.434855462877908230e-02
-8.991379335975354173e-03
1.250861569728761594e-04
-1.542119640269588106e-04
-3.043301945903548243e-05
-2.418391145909301772e-03
4.248585839805153405e-03
4.962862143243703533e-03
-2.327174360109632837e-05
-5.586866528793154403e-06
1.131987139496420982e-05
-2.552553389179418319e-02
5.877348677641745789e-03
3.656479930640184079e-03
8.746484106441539401e-05
-4.050007322808909458e-05
4.112424998489979983e-05
3.800451643822055914e-02
-1.294404773320766491e-02
-1.895781825640156446e-02
-2.138083416930241457e-04
1.032591183999935941e-04
9.457094524516036706e-05
2.257189784832927537e-02
-1.765322296949502212e-02
-4.980821981699066515e-03
-1.301025122445937428e-04
1.291923407585074087e-04
3.468693237688855240e-05
-2.682130940669246941e-02
6.533312520202012863e-03
5.358199750401478056e-03
1.954672347539157464e-04
-4.344048031511200155e-05
-3.742087495050311921e-05
-2.278663268017999330e-02
-8.329123541015084203e-03
-2.343000109709292289e-02
1.658815014794045987e-04
2.318343872528441366e-07
8.647976981256437143e-05
6.639260561159790464e-02
-1.993834469727257669e-02
-2.066749606425508784e-02
-3.001792560438780216e-04
1.770446027473755919e-04
1.808353632488795290e-05
-7.096453813467591687e-02
8.049886723218897117e-03
7.486258012647049181e-03
4.642010242433654765e-04
-8.127257231420041586e-05
9.654200433406857050e-06
-2.414007283388266631e-02
1.673427429534287553e-02
-5.989375572789105984e-03
1.022904289359212714e-04
-1.226278459296972930e-04
2.522048859424397101e-05
4.250768971936046137e-02
-7.489541337425089339e-03
1.890424791291887840e-02
-2.607662344715857053e-04
3.623054775489604399e-05
-9.324909683567531667e-05
3.964949722915088459e-02
1.078142629454491470e-02
3.211249325701532459e-02
-1.172723497621307821e-04
-3.541808447806931397e-05
-1.448299489463064811e-04
-3.997971739113154177e-02
3.018747887943338398e-02
2.961865503939183422e-02
1.602094172542827715e-04
-3.052646058136353918e-04
-1.149187235604255236e-04
5.230275468290868091e-02
-1.578553927083645864e-02
-1.484580232435339306e-02
-5.289262023397407579e-04
1.296369330992816558e-04
4.417767211646292277e-05
1.969974813542150691e-02
-9.942176123580977534e-03
9.552736116515834347e-03
-1.100426851803816715e-04
7.766537444487112867e-05
-1.793482231516206065e-05
-3.167029492408365843e-02
5.272481484918539220e-03
-2.886467475147518058e-02
1.440449911075341151e-04
6.440997066339723722e-06
1.615540994940785628e-04
-1.760714715366107699e-02
-7.892072917560362735e-03
-9.862409073314563554e-03
9.334223624809484640e-05
7.873634837941834424e-05
1.397856173742868834e-05
1.277722998410532780e-02
-2.950035738306724595e-02
1.036528436274578632e-03
-5.795967098505649641e-05
2.603600227304778809e-04
-6.923784230591922828e-05
-4.667994430220245676e-03
1.800944032017280996e-02
1.390223249779573393e-02
1.028081538632843187e-04
-1.429342473515956917e-04
-8.108589383097887754e-05
-1.954151157308016418e-02
1.161567070156730580e-02
-1.843509568821616882e-03
1.489335135120513408e-04
-8.151549908297166767e-05
-6.429559428187517027e-06
3.400368133087792056e-03
2.176573216439545871e-04
9.011555522990757558e-03
-7.352539462251644714e-06
-5.708420756692658910e-05
-3.271892179052557028e-05
-3.910309068783896641e-02
6.454788654028726508e-03
2.197015161032051921e-03
1.259919099104439143e-04
4.819398158798773521e-06
-2.896628550146414843e-05
4.216144897559374709e-03
-1.025262622682181386e-02
-3.928472603994734996e-02
-1.426110769140094027e-05
8.157031107606323075e-05
2.381672801597194101e-04
2.418191771750288765e-02
-3.027634661893817761e-02
2.124462599936876098e-02
2.279719952002201691e-05
1.651354699794509021e-04
-8.995636877101322829e-05
4.201941132947134040e-03
2.816169302968442659e-02
1.942709109897305161e-03
9.113212625936672540e-06
-1.746669492696535219e-04
2.886195861350642541e-05
-2.181726696465520823e-02
1.691160676950527117e-02
-2.642273430771205703e-02
6.610469510130269138e-05
-8.845198754386611039e-05
1.310245989336954295e-04
4.375437835034673428e-02
1.182323371118591815e-02
-1.759703145727210816e-02
7.948624804987842552e-05
-1.508978756664056402e-04
1.438655669961234115e-04
-4.502489232757078685e-02
-1.118526250189886932e-02
6.218914524079636325e-02
1.523066918391592325e-04
5.956443765215198728e-05
-3.850050218450503498e-04
9.485335172821499419e-03
3.157663081855469067e-02
-2.793285430578557049e-02
-3.453967398829310025e-04
-2.254110965601679160e-04
1.744956183610051027e-04
6.314188213666640029e-03
-5.582255189488977837e-02
1.210978564218472171e-02
-1.900964994525877310e-05
3.575965817479158544e-04
-1.044349886078662753e-04
5.220239851858614333e-02
-5.269298691411674826e-03
4.141088667337250451e-02
-2.287463349234656923e-04
7.418809324161888709e-06
-1.761774013208358203e-04
-6.145271039479990351e-03
-1.391698337848488315e-02
1.912168842164634758e-02
-8.470071156247427888e-05
1.758117487700927779e-04
-1.734868563518703413e-04
4.026378168591068091e-02
9.229421077367148951e-03
-4.096800157653548990e-02
-2.361571310268816416e-04
-4.287001274428604896e-05
2.868801912372470576e-04
-4.180565089509296478e-02
-1.302329662778077025e-02
1.750395808853421817e-02
2.399344882697607747e-04
2.121959270613716362e-04
-1.181151165807477985e-04
-2.336305981021044240e-02
4.711869928703801835e-02
-2.012294801617720702e-02
1.249009574159698011e-04
-3.139811563299833158e-04
1.620248349062817573e-04
-5.686446296152356666e-02
-1.769564484325297088e-02
-2.378906517862587264e-02
2.410344221004110440e-04
1.524603767737862838e-04
9.155482840745200886e-05
-1.129519948320639082e-03
1.065981299198709605e-02
-3.904348668763227281e-03
1.337628921687942772e-05
-9.908599782708872789e-05
5.253350705691232691e-05
-8.379802609331332350e-03
-3.370931557721599560e-03
7.336104704383832054e-03
1.571537829347804957e-05
-1.050255365448925666e-06
-4.479730875276504532e-05
-9.259937876796993719e-03
-2.278004672038017389e-03
-1.080182605366011503e-02
1.004711853841424928e-04
-8.502207428758937224e-05
7.557253589535153275e-05
2.054127760645237805e-02
1.330593389309572567e-03
1.058608931552142834e-02
-8.301699404025045519e-05
-3.708647215732586825e-05
-7.987830025782502886e-05
9.144780689684757144e-03
2.153013969361069688e-02
6.207349255528479479e-03
-1.514269855321453907e-05
-1.444923199171678962e-04
-1.955833086467431673e-05
