# Mean fit:
# N_phi = 9
# N_t = 1
# N_season = 5
# N_euvac = 2
# N_tau = 3
#
# Stddev fit:
# N_phi = 9
# N_t = 1
# N_season = 7
# N_euvac = 2
# N_tau = 3
4.590308942682352900e-02
3.206370572023233695e-02
-2.732610658270076195e-02
2.102265137007480798e-04
-1.632620424567502294e-04
1.492726123663973802e-04
-4.824380326608020651e-03
-1.488589375451199528e-02
-1.509137832473205626e-02
1.586505977827650410e-05
5.796869139456001013e-05
9.260236414336859450e-05
2.795437002467424797e-02
6.059087990696087125e-03
2.418080837412033566e-04
-1.681232149026908875e-04
2.841529249810975278e-05
-6.309792259990517390e-05
1.239591240112391905e-02
-5.405979098426441642e-02
6.277672219247001917e-02
-4.155038315500923297e-05
3.031348417874249099e-04
-3.490290820228712917e-04
-2.005566998623591404e-02
4.088128922860313069e-02
-3.473855466049674545e-02
1.250999904345900988e-04
-2.283179479252934519e-04
1.754811529570700606e-04
3.113188531769807421e-02
-5.938231958343379024e-03
4.278516410618320165e-03
-1.687612724425892059e-04
1.408962089350244982e-05
1.771155843963804586e-06
5.327421089503338487e-03
1.338661984774693753e-02
-2.130057062333846896e-02
-2.783034459790572476e-05
-7.465741815886394004e-05
1.342076939748281623e-04
6.832756175860368528e-03
-1.874273496206317960e-02
-3.735053381981281312e-02
-5.952976773786832718e-05
1.018339104999350356e-04
2.185446835058440325e-04
8.620169628544543244e-04
2.687547379691486438e-02
1.978204991189747713e-02
-1.205870221206303051e-05
-1.220692096122027033e-04
-8.709853546551386003e-05
1.539776354636124278e-02
4.561323050641271498e-03
3.007458735381385653e-02
-1.004300332558637871e-04
-2.610237418370073956e-05
-1.851186816958824536e-04
2.400211463140334428e-02
-4.453416760269997103e-03
-1.837039042731932609e-02
-1.309554253281860646e-04
8.522056068501987714e-06
1.224847773015900251e-04
1.039418845863398187e-02
3.451143217999845525e-02
-6.986104471468147434e-03
-4.733868134109757523e-05
-1.628922220414717010e-04
5.070283721352677352e-05
-7.679214516903675423e-03
1.493436660726219292e-03
-3.840784041705762319e-02
4.835180938651710352e-05
-2.768018879449978789e-05
1.829771341530398528e-04
-2.763866411192384201e-04
1.214358384198557100e-03
5.144196945468964416e-02
2.472224126395472862e-05
1.784075437979406050e-05
-3.149186650513618232e-04
-1.116620550406518392e-02
-1.722740789622542387e-02
1.626570389487119392e-02
7.497689979000074945e-05
1.053771846586631748e-04
-8.480889561501454301e-05
1.079593883607560083e-02
-1.588448896260080331e-02
-4.254102070524511635e-03
-4.476400290322801913e-05
1.025486996484508909e-04
1.528301248858928042e-05
4.726607931541540464e-02
3.217533624145758192e-02
5.450633440882297204e-02
-2.752740342093265005e-04
-1.815558914566104808e-04
-3.200262048039449097e-04
-2.175062380941073306e-02
4.893076017066610821e-03
7.243223969522706064e-03
1.341132443083870734e-04
-3.998537933633711282e-05
-6.895415771334075016e-05
-2.512855228265367582e-03
2.877139249352543299e-03
-1.121120733349426253e-02
2.692325232132391594e-05
2.349082368718380159e-05
8.968288702470577516e-05
3.562902751608946041e-04
-1.269787298605586610e-02
-3.314288989874058372e-02
-1.692366100502298737e-06
8.250463567985601133e-05
1.627490159496001304e-04
-1.240357910797144220e-02
-2.815369276725332177e-03
6.200471143352772295e-03
3.357277807323315875e-05
-1.622163854445615635e-06
-2.573555455712334656e-05
-1.508212167646923001e-02
-4.501106791871117840e-02
1.673145353698038754e-02
3.579474159911335282e-05
2.239930508375265390e-04
-5.280674486312211189e-05
5.251214817642843764e-03
-1.513575814859872103e-02
1.308565192141494457e-02
-1.148557361141570839e-05
1.063595664759043544e-04
-5.947356527092290899e-05
1.215575667279918635e-02
-4.048749639820733992e-02
2.117092950056627051e-02
-6.822525739720190557e-05
1.367074062506752077e-04
-9.334732333392293526e-05
1.476423800287778205e-02
5.298704089527745548e-02
4.984176432148179105e-03
-8.989454459123322389e-05
-2.812365000993010842e-04
-6.403137059121040599e-06
1.586814353648484388e-02
-3.822781409565415706e-02
2.767056875755564624e-02
-7.966887644037669140e-05
1.701661540944127637e-04
-1.277641342484419176e-04
-4.665773774256724848e-02
2.760206960696109935e-02
1.603027100335043800e-03
2.548216987640339044e-04
-1.170868564353950248e-04
5.314829713111750775e-06
-1.204978489322187582e-02
-1.726619523422484939e-02
2.672142160316788584e-02
7.048991976107328865e-05
6.221852372217860042e-05
-1.418961028659333800e-04
-3.336175855867398038e-02
-5.620641470995496949e-03
-3.147146280458051198e-02
1.634797656428339753e-04
4.524316200496747230e-05
1.487655213698677460e-04
2.000968894199084067e-02
-1.153140718854623811e-02
3.714536173517880846e-02
-8.407647659680168265e-05
4.038500403394935636e-05
-2.020975584940997490e-04
-7.204417240937560987e-03
-1.649519080341700639e-03
-2.676317429935552369e-02
-1.522608112140421367e-05
-1.155611253192033351e-05
1.110956200877348413e-04
3.359032873064135560e-02
-1.645799755852385415e-02
1.107138048371600868e-02
-1.729532729593953979e-04
9.240254505877488925e-05
-5.052481972181563277e-05
-2.877840644210879692e-02
-2.248331872851715499e-02
-3.575602757832124085e-02
1.684238867924066612e-04
1.172186606842347126e-04
1.901572925061074861e-04
-4.203374939303851018e-03
2.154522192842437886e-02
1.158701234211148914e-02
3.701029432947160891e-05
-1.112321071470339973e-04
-5.537036157546528810e-05
-2.369216136501010872e-02
1.527845537443657704e-02
-1.081724338703821293e-02
1.142034900451742300e-04
-7.413839000240169839e-05
3.403499885012549480e-05
3.292918874067068871e-03
1.452113872853213680e-02
-1.408340626705576436e-02
-3.076276337651673136e-05
-3.590999220309553416e-05
1.009497580470302834e-04
-1.806413592220504349e-02
-2.398074184688907262e-02
-6.019160094030001629e-03
9.004451813789267865e-05
1.090178385765265540e-04
3.479848829772984764e-05
-2.398837734899012669e-02
3.898499812825033384e-02
3.122516302502577681e-02
1.438691153811272609e-04
-1.865849200524825251e-04
-1.694475906149067593e-04
-1.269938018495998626e-02
6.235396006191887101e-05
-2.168388845265077983e-02
6.445023808822749960e-05
-1.831760825531898006e-06
1.063630921676681217e-04
-3.266557463050039512e-03
9.762169832300665248e-03
7.228479919790446392e-03
-3.129575656822701781e-06
-1.248088033740349044e-05
-2.187815936055777626e-05
-2.250139957029771015e-02
1.567572637529388024e-02
-1.816952314335328056e-02
1.436170661618100977e-04
-6.723390650315885818e-05
1.033410655190527064e-04
-1.176207910323460309e-02
2.482672196390066019e-02
3.450594557873448709e-02
7.131358048154741881e-05
-1.297860830277914094e-04
-2.042287339385191009e-04
2.437422002741295585e-02
2.669884305347717136e-03
-2.490602124452271152e-03
-1.443624153689885376e-04
-1.600450565906260688e-05
3.816818681325020361e-05
-3.223703998979024488e-02
9.600618113256102412e-03
-1.140624742704332908e-02
1.658524378829357186e-04
-3.645073414148774604e-05
9.120339754855176398e-05
7.045183333982222955e-03
-3.054323882188322847e-02
1.446908359052325420e-02
-1.742878236668713143e-05
1.803087846174706134e-04
-5.700801048563215864e-05
-1.406080299953081474e-02
-1.203676548779973772e-02
8.607561641933809612e-03
6.122373294744089234e-05
5.806158152364486301e-05
-3.612358623843657209e-05
2.216406350020340421e-02
9.155800301323546372e-03
1.336465924393819178e-02
-1.289408077823113051e-04
-6.754333544128062817e-05
-4.773169160972864174e-05
-2.726111533318727534e-02
2.233466268416278277e-03
-6.658989566041943059e-03
1.476076206564941470e-04
-3.624663173012290286e-05
4.392628645255486532e-05
-6.282571505275250275e-03
-2.419940859102299308e-02
4.757302710913200589e-02
3.346785160436491067e-05
1.257758099911508742e-04
-2.801080191942165783e-04
-2.751926722877931497e-02
2.332719624094959331e-03
-1.839008864151111611e-03
1.474247278622086593e-04
4.418319100534725916e-06
-1.490749673500649728e-05
-1.180024179202239856e-02
-4.696936517953487038e-03
4.702710175860462180e-03
7.145228774415891002e-05
1.621513707154210139e-05
-1.194050578803438752e-05
-1.323612614106082185e-02
2.430156126568071284e-02
-5.194682427669525260e-02
3.972725494178813352e-05
-1.236773991009842641e-04
2.868880988510230244e-04
1.505460650499544986e-02
-1.735836117023676142e-02
1.501792359587181790e-02
-7.132172417081258031e-05
7.071519422899622508e-05
-4.968205916634959782e-05
-2.219916042088162372e-02
1.086793252844430076e-02
-2.659712417466623263e-02
1.186590671150515569e-04
-4.584419148890550555e-05
1.045705128909656161e-04
2.092679050385137102e-02
-2.904763491839108466e-02
3.476006262735965163e-02
-1.200921505194946833e-04
1.387003970048290055e-04
-1.672358800067776064e-04
-1.305858918097259694e-02
1.492502034852289869e-02
-1.408200219047537130e-02
5.733813103931902267e-05
-7.084081631132851649e-05
8.036025396424183111e-05
2.998102914645768211e-02
-1.545370818509922764e-02
-9.382214727777322613e-03
-1.867141570019131944e-04
4.244243460887967820e-05
3.711578003797088774e-05
-2.476111811048393660e-02
3.439816865226451303e-02
-4.523202874036536328e-03
1.354426101755260134e-04
-1.872200920267446636e-04
3.285661090816495542e-05
-7.371727562335331739e-04
-7.656540637001416072e-02
-5.229460912084918367e-02
3.513787615829847959e-05
3.992564726549039994e-04
2.922049065118320263e-04
-1.258615380961012643e-02
1.834718795689125465e-02
4.523247938851466393e-03
4.884921547612487767e-05
-7.449680477109534471e-05
1.502165326376438294e-05
2.578366352995390201e-02
-3.429834539361953372e-02
-1.746623230045786512e-02
-1.574499634027007040e-04
1.403106092201701236e-04
6.466205844339394885e-05
5.607402184421394868e-03
5.078547881125554386e-02
2.110062697932191950e-02
-4.722423416991459300e-05
-2.449343511307812264e-04
-1.162638274724861828e-04
-2.813886147437271931e-02
-3.198883698353382956e-03
-1.271781519453256924e-03
1.654023638658074522e-04
1.870299833045873864e-05
-8.140206981745053805e-06
