# Mean fit:
# N_phi = 9
# N_t = 1
# N_season = 5
# N_euvac = 2
# N_tau = 3
#
# Stddev fit:
# N_phi = 9
# N_t = 1
# N_season = 7
# N_euvac = 2
# N_tau = 3
4.350730180703461097e-02
-3.272715038476096700e-03
-5.132337055079060767e-02
7.093300461879501525e-04
-1.375358903843660534e-04
3.001605030219672864e-04
-9.726532358668498954e-03
-2.314361907312206118e-02
1.231462898274346927e-02
1.139046450746694069e-04
1.261107195414303689e-04
-6.855980812457633630e-05
-1.300580897658996362e-03
-1.496657662902613900e-02
2.377222481572792076e-02
2.332762598300139301e-04
3.698325160526717381e-05
-2.520950529233656457e-04
-2.704588719253927381e-02
2.507353832872251040e-02
5.704327064252749657e-02
1.726052737570251511e-04
-1.976633358694871378e-04
-2.745711807915063155e-04
-2.058427815342869435e-02
2.582137489886660725e-02
-4.986435820403662539e-02
-9.372408052257278027e-05
-1.595729446358666495e-04
2.325415557631567768e-04
2.936903298845278208e-03
-1.078057539615386203e-02
4.713801124195327041e-02
-2.597808660608542946e-05
8.143226352688781383e-05
-2.676968681283087618e-04
-2.486559125821109079e-02
7.834153019560370634e-03
-8.557523823069017321e-02
1.088454018623413695e-04
-8.163474784310131317e-05
4.225300076066052413e-04
-3.834724460264010010e-02
5.041689458794249012e-02
2.592467487065482079e-02
1.598122335090379866e-04
-2.583558552919158389e-04
-1.202154407107700561e-04
3.511221483362774419e-03
7.758688793419494731e-03
-6.233335709343375275e-03
-2.002575388639019291e-05
-2.069138189502866770e-05
2.422713464327724752e-05
1.359127532646249061e-02
1.785340146632783190e-02
-2.997530814702642835e-02
-2.081644414274829672e-04
-5.293584862760995698e-05
1.808625162315845021e-04
1.767968170954926574e-02
-4.291005237077251400e-02
-1.607741201552922300e-02
-1.513810461766719624e-04
1.873704713008462401e-04
5.961220072783823874e-05
-6.563594104604200674e-02
2.024545291528959817e-02
-2.313590926468040657e-03
4.019994717915819282e-04
-8.007117142883584803e-05
1.370759165098524146e-05
3.995047670439311888e-02
-5.720823965948267087e-02
-5.279760513366071190e-02
-2.734181244384624541e-04
2.693878822522362206e-04
2.567476493859972191e-04
-6.197328478836626464e-02
6.112039233457757653e-02
2.226040940141871954e-02
2.937163726887037011e-04
-2.970830396689410529e-04
-1.216308441410906047e-04
5.690145899565438731e-02
1.557695862976411078e-02
3.492624930527035015e-02
-2.700443494715347101e-04
-9.407784570211883606e-05
-1.777255242853705128e-04
1.299375409223926282e-02
-2.758535713595914457e-03
-1.149122067189739180e-02
-1.146708375124017677e-04
5.395900153640472764e-05
7.610507429854216266e-05
-7.877459546960856665e-03
1.456380471061773790e-02
-4.990232496284778552e-02
8.932593405923722652e-05
-8.855297887407871996e-05
2.658160214809717229e-04
-2.362476282842117248e-02
4.490177168861630985e-02
-3.660164037431536121e-02
1.455555242414068614e-04
-2.202769214244501843e-04
2.583447925050617704e-04
-4.428638655432192393e-03
9.040229034992954384e-04
3.684126039332535907e-02
4.649745014938320813e-05
-7.105540317338379091e-06
-2.066306198019534864e-04
-1.371920412127676601e-03
2.542676649898794466e-02
-1.633250158896894580e-02
3.960541608044442229e-05
-1.144490998357531100e-04
7.402363695631332884e-05
-1.443959800132578811e-02
-2.246404061894530929e-02
-6.119421330595905574e-03
-8.520450378421886976e-06
1.150606775390003678e-04
4.858783083895359934e-05
4.460770234783241472e-02
-9.681090571408536641e-03
-5.379274848661497882e-02
-2.937307359521957998e-04
7.284349800850701206e-05
2.832637722967730975e-04
2.122779400929864987e-02
-3.457040672793748604e-02
8.526732297629119675e-03
4.231567649727682073e-05
2.019916690675300553e-04
-3.539780764614192728e-05
-1.308774847414564090e-02
6.870719496989137302e-03
-1.489144637901695933e-02
8.031916882977913768e-05
-2.940365491389285111e-05
5.409818733720745613e-05
1.776917193778693518e-02
-1.818984216803094453e-02
-1.670010673434856735e-02
-4.151585678787976410e-05
4.970548497490519816e-05
8.014708406304855862e-05
-3.335592476646082744e-02
2.672485448594781252e-02
-3.693654057547052921e-02
1.376929538305581252e-04
-1.876060308515539699e-04
2.103281055278004156e-04
-1.540082002417076648e-03
-5.627751999219916292e-03
-1.090142762834477204e-02
-2.052537557909362727e-05
-1.680372964959554931e-06
7.807527278579071465e-05
5.550963493337465401e-03
-3.965206142040312437e-02
5.830108092846027212e-02
-7.781801036028469841e-05
2.630594477053635623e-04
-3.335962385372033588e-04
1.200825688494451884e-02
-8.996837136974833102e-03
8.675308483657554609e-03
-5.901334488673531947e-05
4.215772476843800376e-05
-6.642277899267683735e-05
-4.302462170059366542e-02
9.242511755677312521e-03
-3.826585755430214619e-02
1.739590259333810183e-04
-7.376884185187429250e-05
2.219880006253677619e-04
3.309009859786012087e-02
3.520347080488477748e-02
2.111874640122906113e-02
-8.745485364383173536e-05
-1.829320262625274611e-04
-1.661553796429175234e-04
4.030613241845101835e-03
-1.514064446732049868e-03
-2.921797220670033918e-02
-1.819135141776706739e-05
-1.534899337787632158e-05
1.510607325395117771e-04
2.143451884379420080e-02
2.281199166083807198e-02
-4.541858678299198065e-02
-9.771681796182897712e-05
-7.539295444383342843e-05
2.934566473137234467e-04
5.187747324997055154e-02
-2.430503919457031176e-02
-4.756751171922488433e-03
-2.940236940797358789e-04
1.341391720726783151e-04
1.260005101681746900e-05
7.896936237497410860e-03
1.393242460511035299e-02
3.960712236229657277e-03
1.372250710061579151e-05
-4.810418443018763961e-05
-4.420036460180957647e-05
2.268326571450480708e-02
-2.365072529936180839e-04
-1.275447699854644415e-02
-6.341651028329538600e-05
-1.127668462878029321e-05
4.743177706573678288e-05
3.043539328170075803e-03
2.595508567873055367e-02
2.035767538940604082e-02
7.001597050929218974e-06
-1.380076267596257753e-04
-1.206829910999948467e-04
-1.842753297023954143e-02
-1.017556827987690926e-02
-9.598464577033158363e-03
5.793773560119542572e-05
8.073784255460096789e-05
4.557339915144892551e-05
2.757397482013132506e-02
1.156992690762370830e-03
1.539924972932223309e-03
-1.639702198705907186e-04
-4.748800472659400939e-06
-1.191833131412616024e-05
3.212848785785370198e-02
3.681552799984547791e-02
-2.207097882408542641e-02
-1.902135997564286061e-04
-2.063797319779760045e-04
1.249103594271030115e-04
3.930787948940574900e-02
-1.364227407755163810e-03
-1.083455893076833675e-02
-1.001958336477960231e-05
3.362250518206976493e-05
5.328249814781896347e-05
-5.756972185797072650e-02
-1.390939675829172550e-02
-1.309863027572011861e-02
2.381286487740277944e-04
5.830417508493404837e-05
5.888798409681295093e-05
2.885053398474719810e-02
1.467121355775588207e-02
-8.431599664346835915e-03
-2.855533081713470785e-04
-7.152975042181874586e-05
3.878571499179008034e-05
-5.971225883059382055e-04
7.841959601447866246e-03
-4.523561575117511502e-03
1.473925025721790509e-05
-4.883916486059321265e-05
1.403238868517371464e-05
-1.508860476389190484e-02
-1.156167596765225389e-02
-2.671046832688422218e-02
5.160333623495923450e-05
7.763280705074756562e-05
1.514507183743168690e-04
